0 0.816261 0.829191 4.62341e-15 3.10983
10 0.476896 0.538216 0.674862 1.7242
20 0.706436 0.567197 0.484838 2.37578
30 0.55111 0.545218 0.731122 1.85035
40 0.7664 0.578764 0.564193 2.53978
50 0.620277 0.552129 0.807878 2.07
60 0.831518 0.59461 0.658365 2.74888
70 0.691888 0.565217 0.9054 2.29734
80 0.916374 0.624688 0.753057 3.02625
90 0.782609 0.59436 1.01153 2.59001
100 1.00928 0.665797 0.874286 3.32309
110 0.890429 0.636309 1.12925 2.94179
120 1.11902 0.72209 1.00642 3.67839
130 1.01799 0.695737 1.26733 3.35266
140 1.24235 0.790454 1.15958 4.08077
150 1.16519 0.771366 1.41827 3.83202
160 1.38491 0.87303 1.33368 4.54047
170 1.33544 0.862744 1.58981 4.38878
180 1.55098 0.973095 1.5177 5.08128
190 1.50983 0.974549 1.78998 4.95548
200 1.73807 1.10301 1.71534 5.69204
210 1.69825 1.10885 2.01073 5.57252
220 1.94575 1.25197 1.92627 6.36636
230 1.89636 1.25611 2.25282 6.22565
240 2.18404 1.42216 2.14029 7.14515
250 2.08987 1.40714 2.52502 6.86288
260 2.4436 1.61075 2.35504 8.00031
270 2.30276 1.57523 2.80454 7.56888
280 2.71595 1.81384 2.59636 8.89811
290 2.53376 1.75612 3.08685 8.34541
300 2.99384 2.02963 2.86105 9.82105
310 2.79406 1.96705 3.3745 9.2223
320 3.29081 2.26487 3.14705 10.8179
330 3.07673 2.19723 3.67578 10.1731
340 3.58864 2.51515 3.4656 11.8279
350 3.37342 2.45332 4.00208 11.1743
360 3.9013 2.78048 3.81096 12.8895
370 3.74595 2.75242 4.27803 12.4373
380 4.19274 3.05072 4.21699 13.8904
390 4.08371 3.04677 4.62227 13.5835
400 4.51552 3.33124 4.59779 15.0076
410 4.49464 3.37462 4.892 14.9681
420 4.7451 3.57031 5.06712 15.8187
430 4.89241 3.69472 5.18251 16.3165
440 5.04366 3.83255 5.46267 16.846
450 5.29229 4.0134 5.49036 17.6792
460 5.27579 4.06826 5.93239 17.6549
470 5.73209 4.35161 5.75732 19.1766
480 5.58912 4.34102 6.30337 18.7288
490 6.01313 4.60226 6.2068 20.141
500 5.99211 4.66031 6.54282 20.0975
510 6.31799 4.86575 6.56672 21.1839
520 6.23596 4.9036 6.95413 20.9561
530 6.70793 5.17327 6.81686 22.5153
540 6.53253 5.16979 7.25063 21.9853
550 6.88174 5.38471 7.27509 23.1494
560 6.99809 5.51913 7.33807 23.5742
570 6.96472 5.561 7.75106 23.4934
580 7.34074 5.81114 7.53436 24.7535
590 7.21072 5.81167 7.96189 24.3751
600 7.51099 6.02077 7.87052 25.3828
610 7.47056 6.07604 8.1462 25.3132
620 7.73683 6.24055 8.07293 26.197
630 7.60758 6.27129 8.39276 25.8414
640 7.9848 6.47367 8.19904 27.0978
650 7.7323 6.43701 8.60983 26.3171
660 8.13585 6.64866 8.40262 27.6685
670 7.96006 6.64597 8.66999 27.14
680 8.15117 6.75769 8.68342 27.8005
690 8.21115 6.8558 8.67729 28.033
700 8.13255 6.85623 8.95735 27.8227
710 8.42354 7.03015 8.70379 28.7908
720 8.19311 6.96644 9.07101 28.0954
730 8.47376 7.09399 8.82301 29.0008
740 8.31784 7.04039 9.04043 28.5258
750 8.38934 7.0375 9.05235 28.7321
760 8.46757 7.0482 8.95049 28.9828
770 8.315 6.93994 9.17577 28.4599
780 8.46968 6.95815 8.96819 28.9483
790 8.35576 6.8676 9.08131 28.532
800 8.30945 6.79595 9.11354 28.3705
810 8.44684 6.83718 8.91598 28.7725
820 8.16498 6.63988 9.12775 27.8435
830 8.3924 6.7361 8.85249 28.5553
840 8.15954 6.54884 8.98891 27.7618
850 8.18509 6.54807 8.91228 27.8273
860 8.20704 6.49652 8.72663 27.8515
870 7.90587 6.31029 8.90486 26.8397
880 8.14292 6.38328 8.53685 27.5597
890 7.82466 6.18274 8.72455 26.514
900 7.93806 6.20456 8.53353 26.8565
910 7.86518 6.12564 8.44407 26.5737
920 7.66346 6.00088 8.66012 25.9585
930 7.92283 6.09637 8.28624 26.77
940 7.55573 5.8738 8.54922 25.5507
950 7.74544 5.94471 8.27436 26.158
960 7.527 5.79562 8.30866 25.4125
970 7.51303 5.74231 8.22121 25.3213
980 7.49235 5.69609 8.04418 25.1738
990 7.2878 5.57146 8.18164 24.5001
1000 7.48135 5.62938 7.83935 25.0891
1010 7.23218 5.49132 8.00209 24.2923
1020 7.22177 5.46629 8.0271 24.251
1030 7.41649 5.53688 7.71736 24.8878
1040 7.02054 5.31828 8.1149 23.5893
1050 7.34819 5.46605 7.7563 24.6562
1060 7.09298 5.30348 7.95122 23.8005
1070 7.22638 5.36229 7.77752 24.1904
1080 7.10593 5.30287 7.84805 23.8635
1090 7.06377 5.21527 7.85074 23.6575
1100 7.25755 5.36184 7.51514 24.2846
1110 6.65312 4.955 8.11049 22.307
1120 7.45558 5.39511 7.158 24.8669
1130 6.59046 4.91036 7.92997 22.0129
1140 7.03781 5.10718 7.49879 23.4674
1150 7.02676 5.11041 7.32082 23.3819
1160 6.58862 4.83341 7.78334 21.9481
1170 7.02192 5.07652 7.29691 23.3682
1180 6.81049 4.90498 7.46274 22.6193
1190 6.80512 4.94322 7.45353 22.6577
1200 6.67447 4.80092 7.58743 22.2064
1210 7.1223 5.07727 7.07852 23.6663
1220 6.37535 4.65414 7.85551 21.2663
1230 7.07578 4.99633 7.16315 23.536
1240 6.78592 4.86794 7.36408 22.5482
1250 6.40553 4.62111 7.83079 21.3971
1260 7.22537 5.08733 6.89724 23.9704
1270 6.42955 4.619 7.68739 21.4113
1280 6.76259 4.80833 7.40079 22.5777
1290 6.86524 4.83519 7.18677 22.7287
1300 6.53321 4.65214 7.49169 21.7834
1310 6.68403 4.72174 7.27789 22.2043
1320 6.78993 4.76324 7.10625 22.5147
1330 6.36711 4.53576 7.48236 21.1473
1340 6.78799 4.73678 7.04746 22.461
1350 6.60832 4.64984 7.12122 21.9329
1360 6.3071 4.46506 7.47672 20.9114
1370 6.9134 4.82284 6.83089 22.9002
1380 6.4376 4.54631 7.29762 21.3788
1390 6.47371 4.5776 7.35115 21.5135
1400 6.88468 4.80519 6.90041 22.8706
1410 6.26151 4.47963 7.58689 20.8943
1420 6.78842 4.76245 7.08412 22.5905
1430 6.70702 4.70606 7.02345 22.2723
1440 6.12691 4.4141 7.69101 20.5393
1450 7.12092 4.93333 6.58889 23.6073
1460 6.16843 4.42358 7.48145 20.6085
1470 6.46791 4.56494 7.3297 21.5705
1480 6.99729 4.88886 6.53815 23.2004
1490 5.81579 4.22688 7.83581 19.5835
1500 7.05523 4.92769 6.64115 23.4184
1510 6.37996 4.57698 7.25232 21.3557
1520 6.36471 4.561 7.47317 21.3555
1530 6.98015 4.92683 6.68675 23.2287
1540 6.06727 4.41541 7.74939 20.5069
1550 6.91424 4.91262 6.91145 23.0685
1560 6.55795 4.68618 7.18052 22.0127
1570 6.27721 4.5703 7.592 21.1318
1580 7.03827 4.98717 6.69814 23.5468
1590 6.19617 4.53103 7.57555 20.926
1600 6.61653 4.79241 7.28396 22.258
1610 6.84648 4.91898 6.96357 23.0244
1620 6.23356 4.60604 7.64177 21.0536
1630 6.91413 4.99061 7.00139 23.3594
1640 6.50484 4.78239 7.42672 21.9556
1650 6.59277 4.83737 7.37782 22.3779
1660 6.7251 4.92299 7.21152 22.7168
1670 6.51674 4.81873 7.41603 22.0942
1680 6.74423 4.96713 7.15797 22.9278
1690 6.46854 4.81359 7.43232 21.881
1700 6.70794 4.98482 7.21971 22.8803
1710 6.60528 4.92479 7.27244 22.397
1720 6.59375 4.93049 7.29398 22.4794
1730 6.5842 4.96673 7.30285 22.4996
1740 6.62457 4.95873 7.25173 22.4923
1750 6.56287 4.98833 7.31529 22.5187
1760 6.57512 4.97255 7.32638 22.3706
1770 6.74814 5.09046 7.04454 23.1012
1780 6.30113 4.86815 7.53609 21.5912
1790 6.83024 5.14264 7.00286 23.2944
1800 6.42966 4.96557 7.33923 22.1228
1810 6.5162 4.96883 7.33161 22.2489
1820 6.74268 5.13899 6.97853 23.1539
1830 6.24326 4.83423 7.48933 21.4128
1840 6.80392 5.16453 6.91379 23.3135
1850 6.36338 4.93022 7.34043 21.9149
1860 6.55274 5.00231 7.16437 22.4657
1870 6.57818 5.07121 7.09425 22.6925
1880 6.33222 4.87192 7.3582 21.7776
1890 6.72601 5.15011 6.88584 23.1683
1900 6.21719 4.8352 7.46503 21.4852
1910 6.74269 5.12444 6.89247 23.2014
1920 6.30574 4.9085 7.29158 21.8515
1930 6.46818 4.9391 7.16771 22.3015
1940 6.60298 5.07171 6.86748 22.8421
1950 6.08666 4.71273 7.47972 21.0814
1960 6.82965 5.17522 6.58841 23.5806
1970 5.93678 4.63861 7.47912 20.6338
1980 6.7053 5.06278 6.70245 23.1538
1990 6.15926 4.76976 7.11845 21.3888
2000 6.27737 4.7729 7.12164 21.7177
2010 6.54631 4.96791 6.63702 22.6773
2020 5.87387 4.52508 7.4153 20.3996
2030 6.748 5.04354 6.38643 23.3473
2040 5.77816 4.47027 7.37153 20.1015
2050 6.55469 4.88403 6.63285 22.6741
2060 6.1216 4.65232 6.92361 21.2691
2070 6.05797 4.56527 7.14841 21.0135
2080 6.55917 4.87561 6.37572 22.733
2090 5.67027 4.32678 7.37213 19.7163
2100 6.63657 4.87978 6.28695 22.9817
2110 5.78723 4.3931 7.12773 20.1314
2120 6.2342 4.60498 6.78174 21.6053
2130 6.25771 4.6529 6.51683 21.716
2140 5.67687 4.2525 7.23952 19.7223
2150 6.57908 4.81628 6.1159 22.7937
2160 5.58015 4.18592 7.1892 19.4277
2170 6.37308 4.65903 6.40964 22.0843
2180 5.96618 4.41197 6.65646 20.7562
2190 5.70343 4.22146 7.06809 19.7921
2200 6.45968 4.69891 6.0396 22.4103
2210 5.31749 3.96379 7.31829 18.4956
2220 6.54683 4.73394 6.00145 22.6853
2230 5.62988 4.13835 6.88527 19.614
2240 5.94426 4.34081 6.72886 20.621
2250 6.28813 4.53504 6.07231 21.867
2260 5.1238 3.81626 7.42003 17.8162
2270 6.70258 4.79096 5.57904 23.2523
2280 5.06339 3.7514 7.3008 17.6452
2290 6.40855 4.60369 6.08549 22.2304
2300 5.81353 4.19252 6.45991 20.249
2310 5.40875 3.97825 7.13075 18.7995
2320 6.6188 4.69693 5.45363 23.0002
2330 4.58435 3.45768 7.64197 15.9816
2340 6.81759 4.8314 5.30043 23.6641
2350 4.99601 3.66404 7.13645 17.426
2360 6.11417 4.40044 6.32361 21.2519
2370 6.06717 4.30912 5.92922 21.1181
2380 4.81822 3.60328 7.45617 16.8023
2390 6.81707 4.78708 4.97359 23.6773
2400 4.29418 3.24948 7.65162 15.0152
2410 6.73864 4.75676 5.28058 23.4026
2420 5.09815 3.68512 6.81783 17.8087
2430 5.77381 4.17007 6.56947 20.1084
2440 6.16441 4.33368 5.66465 21.4711
2450 4.68227 3.49921 7.47596 16.3549
2460 6.71539 4.6993 5.05961 23.3566
2470 4.57814 3.39041 7.35805 16.0088
2480 6.42089 4.54616 5.71437 22.3625
2490 5.38747 3.84987 6.57015 18.8082
2500 5.5686 4.04131 6.76679 19.4541
2510 6.21261 4.36341 5.69041 21.6411
2520 4.87777 3.61799 7.26004 17.0954
2530 6.48049 4.55715 5.50107 22.5688
2540 4.97482 3.65423 7.09548 17.451
2550 6.1497 4.38963 6.04693 21.4596
2560 5.52128 3.96506 6.48353 19.278
2570 5.58266 4.06881 6.60905 19.5499
2580 5.97161 4.24156 5.98843 20.7996
2590 5.30775 3.90518 6.83146 18.6477
2600 6.05948 4.31725 5.91818 21.115
2610 5.32547 3.89798 6.65128 18.6719
2620 5.8274 4.20633 6.14422 20.3581
2630 5.4827 3.97779 6.39995 19.157
2640 5.6293 4.11279 6.29951 19.7233
2650 5.57119 4.02417 6.2302 19.3926
2660 5.54549 4.07189 6.21992 19.4658
2670 5.57398 4.02988 6.12203 19.4136
2680 5.47431 4.02087 6.22215 19.2063
2690 5.55498 4.03922 6.02244 19.3898
2700 5.28494 3.88339 6.27265 18.4418
2710 5.57938 4.08143 5.81888 19.5238
2720 5.14256 3.76819 6.24419 17.8888
2730 5.59655 4.11114 5.77765 19.6143
2740 5.1655 3.76676 6.05375 17.9722
2750 5.37634 3.96762 5.8805 18.8171
2760 5.31251 3.86908 5.71083 18.5316
2770 4.98085 3.69087 6.10691 17.3757
2780 5.51247 4.0224 5.40928 19.2632
2790 4.70472 3.47701 6.15475 16.3585
2800 5.51362 4.04639 5.28582 19.2902
2810 4.77918 3.49692 5.86598 16.6457
2820 5.16768 3.82632 5.58669 18.0712
2830 5.1135 3.7156 5.33902 17.8439
2840 4.56021 3.41102 5.98169 15.8902
2850 5.42331 3.94147 4.83053 18.9373
2860 4.2074 3.14261 6.03602 14.6539
2870 5.39756 3.95145 4.86125 18.8536
2880 4.42141 3.24608 5.5879 15.4272
2890 4.85033 3.60161 5.38151 16.9416
2900 4.97533 3.60343 4.83378 17.3731
2910 4.06196 3.0731 5.92046 14.1894
2920 5.39355 3.89878 4.29702 18.8129
2930 3.69189 2.79162 5.93718 12.8966
2940 5.27092 3.84199 4.42735 18.3911
2950 4.10791 3.02058 5.33576 14.3633
2960 4.55023 3.37842 5.19722 15.9118
2970 4.84358 3.49619 4.40074 16.9122
2980 3.60132 2.74425 5.83062 12.6015
2990 5.2785 3.79863 3.77428 18.4069
3000 3.30477 2.5036 5.77934 11.5651
3010 5.10896 3.701 4.12381 17.8109
3020 3.86581 2.82448 5.08803 13.5126
3030 4.30666 3.16942 4.98471 15.0395
3040 4.62719 3.31797 4.13559 16.152
3050 3.36885 2.52945 5.59883 11.7784
3060 5.06227 3.61573 3.5429 17.6383
3070 3.11433 2.31264 5.54349 10.8709
3080 4.88458 3.4998 3.82971 17.0153
3090 3.63672 2.61636 4.89007 12.6839
3100 4.11452 2.97161 4.71261 14.3502
3110 4.39419 3.11139 3.95488 15.309
3120 3.21272 2.34244 5.35856 11.1927
3130 4.84762 3.41809 3.32284 16.8679
3140 2.94932 2.12594 5.35012 10.2599
3150 4.70804 3.32802 3.63206 16.3803
3160 3.45537 2.43813 4.76724 12.0157
3170 3.99932 2.84631 4.52216 13.9295
3180 4.23592 2.96282 3.85359 14.725
3190 3.16907 2.26935 5.18009 11.0318
3200 4.68519 3.28123 3.25483 16.284
3210 2.90829 2.06831 5.20851 10.1079
3220 4.55819 3.21053 3.59079 15.8572
3230 3.41447 2.3977 4.66464 11.8637
3240 3.94714 2.80624 4.43239 13.7595
3250 4.13025 2.89532 3.8674 14.3595
3260 3.25318 2.33392 5.03117 11.3562
3270 4.52941 3.18769 3.38309 15.7599
3280 3.00102 2.15324 5.09494 10.4563
3290 4.46113 3.16428 3.64353 15.5487
3300 3.40979 2.42958 4.6578 11.8743
3310 4.01711 2.88158 4.32752 14.041
3320 4 2.84181 4.02875 13.9369
3330 3.44787 2.50806 4.86545 12.0716
3340 4.35121 3.10096 3.63235 15.1764
3350 3.19392 2.33787 4.96565 11.1622
3360 4.37427 3.14217 3.75718 15.2851
3370 3.42937 2.49323 4.66567 11.9671
3380 4.10409 2.98457 4.19652 14.3654
3390 3.79603 2.7441 4.24552 13.251
3400 3.70948 2.72901 4.54875 12.9759
3410 4.06529 2.94138 3.92851 14.2047
3420 3.43472 2.53854 4.70273 11.9903
3430 4.19933 3.05496 3.82464 14.6822
3440 3.35733 2.47704 4.66576 11.7018
3450 4.1771 3.05816 3.85804 14.5952
3460 3.43297 2.52423 4.45148 11.9718
3470 3.95478 2.91432 4.08402 13.8113
3480 3.69534 2.71004 4.07453 12.9117
3490 3.52025 2.61457 4.44403 12.2708
3500 4.04777 2.96397 3.62791 14.1423
3510 3.08327 2.30968 4.63581 10.7382
3520 4.19833 3.08296 3.42969 14.6554
3530 3.01646 2.25309 4.44791 10.5283
3540 3.90371 2.88728 3.72919 13.6125
3550 3.44861 2.54103 3.85442 12.053
3560 3.24427 2.42979 4.26416 11.3075
3570 3.94006 2.88638 3.20761 13.75
3580 2.67255 2.02302 4.49851 9.31394
3590 4.03707 2.96035 3.00743 14.0633
3600 2.73478 2.03878 4.17446 9.54357
3610 3.59281 2.64948 3.53151 12.5067
3620 3.31404 2.4249 3.44835 11.558
3630 2.84709 2.11749 4.12406 9.90068
3640 3.77957 2.74676 2.80803 13.1617
3650 2.42405 1.80171 4.22938 8.43597
3660 3.75243 2.72675 2.9051 13.0512
3670 2.71526 1.97989 3.78342 9.45161
3680 3.19082 2.32548 3.52466 11.0889
3690 3.27083 2.35926 3.06553 11.3827
3700 2.54139 1.85756 3.9453 8.83677
3710 3.55702 2.55887 2.69578 12.3688
3720 2.45339 1.77986 3.83057 8.53091
3730 3.3089 2.37943 3.02452 11.5047
3740 2.8471 2.04209 3.26544 9.89014
3750 2.68729 1.93249 3.54404 9.33338
3760 3.20847 2.28895 2.69161 11.1447
3770 2.33607 1.67809 3.64934 8.1083
3780 3.20378 2.28108 2.67694 11.141
3790 2.52615 1.80332 3.30417 8.76727
3800 2.78609 1.97905 3.11005 9.68049
3810 2.83932 2.01395 2.76583 9.84414
3820 2.32973 1.64828 3.34958 8.06395
3830 2.95098 2.08409 2.4774 10.2454
3840 2.27877 1.61147 3.20269 7.88744
3850 2.77092 1.95143 2.66869 9.62771
3860 2.47508 1.74418 2.84413 8.5648
3870 2.40208 1.68251 2.94802 8.31267
3880 2.62488 1.8421 2.46909 9.08654
3890 2.17872 1.52201 2.97876 7.51246
3900 2.61591 1.82995 2.36321 9.07047
3910 2.18737 1.53001 2.82297 7.55191
3920 2.44061 1.70186 2.52471 8.44873
3930 2.28717 1.59715 2.5386 7.89043
3940 2.1943 1.52216 2.6601 7.56224
3950 2.37172 1.6513 2.25884 8.1974
3960 2.02615 1.40676 2.68902 6.97925
3970 2.37266 1.65027 2.19028 8.20425
3980 1.99942 1.38778 2.56238 6.87874
3990 2.22033 1.53931 2.29846 7.65816
4000 2.09169 1.45089 2.27776 7.20618
4010 1.98231 1.37005 2.45499 6.82558
4020 2.20697 1.53158 2.02212 7.61742
4030 1.80738 1.24734 2.49864 6.21235
4040 2.19513 1.52328 1.98351 7.57446
4050 1.82622 1.25984 2.31725 6.27614
4060 2.00003 1.38235 2.16822 6.89309
4070 1.98795 1.37597 2.00199 6.85159
4080 1.73536 1.19471 2.35502 5.96902
4090 2.1039 1.46032 1.78709 7.25988
4100 1.62373 1.11398 2.32489 5.57346
4110 2.02329 1.40206 1.87737 6.98194
4120 1.75023 1.20647 2.06518 6.0231
4130 1.76515 1.21726 2.13908 6.08177
4140 1.94482 1.34799 1.74565 6.70956
4150 1.52995 1.0479 2.26252 5.25219
4160 1.99905 1.38786 1.6518 6.90486
4170 1.53758 1.0539 2.13143 5.2818
4180 1.83505 1.27095 1.87226 6.33519
4190 1.73458 1.19844 1.82013 5.98119
4200 1.55331 1.06877 2.11399 5.34493
4210 1.89661 1.31658 1.55898 6.55351
4220 1.40182 0.959166 2.13895 4.81209
4230 1.8692 1.29892 1.60795 6.46263
4240 1.50599 1.03623 1.92433 5.18589
4250 1.63904 1.13643 1.87724 5.65834
4260 1.71618 1.18909 1.59273 5.92713
4270 1.36619 0.939598 2.05262 4.69669
4280 1.82296 1.26874 1.41412 6.30668
4290 1.30333 0.893949 1.98612 4.47884
4300 1.71467 1.19584 1.58012 5.93287
4310 1.47886 1.02162 1.70071 5.10159
4320 1.4273 0.991051 1.85353 4.92361
4330 1.67782 1.16785 1.36628 5.80345
4340 1.18945 0.816817 1.94792 4.08466
4350 1.71028 1.19637 1.30133 5.9228
4360 1.22869 0.844215 1.78765 4.22712
4370 1.51473 1.06021 1.55312 5.24079
4380 1.44531 1.00232 1.44583 4.99168
4390 1.19999 0.83152 1.78206 4.1319
4400 1.59628 1.11564 1.16084 5.52611
4410 1.04383 0.712628 1.78028 3.57987
4420 1.54053 1.08148 1.23393 5.33704
4430 1.17842 0.809749 1.53964 4.05794
4440 1.27741 0.89404 1.51174 4.41532
4450 1.39075 0.966882 1.18376 4.80803
4460 0.985723 0.676374 1.65931 3.38351
4470 1.46775 1.02887 1.00898 5.08438
4480 0.948052 0.643432 1.562 3.25055
4490 1.32541 0.931902 1.1995 4.59101
4500 1.13965 0.784315 1.26439 3.92939
4510 1.02744 0.714655 1.44158 3.54238
4520 1.30531 0.910055 0.945872 4.51632
4530 0.818528 0.552689 1.48717 2.79978
4540 1.29237 0.908119 0.929056 4.47841
4550 0.899515 0.609827 1.30398 3.08761
4560 1.07775 0.756615 1.17011 3.7287
4570 1.09185 0.75385 0.984386 3.76876
4580 0.79697 0.545268 1.32715 2.73463
4590 1.17993 0.825347 0.773723 4.08546
4600 0.719511 0.479984 1.26909 2.45662
4610 1.0768 0.758114 0.903506 3.73058
4620 0.871608 0.592364 1.02544 2.99658
4630 0.824284 0.573874 1.11456 2.84196
4640 1.01768 0.705879 0.738159 3.51716
4650 0.625109 0.415719 1.16713 2.12971
4660 1.01582 0.71402 0.692219 3.51873
4670 0.677872 0.450437 1.02264 2.31609
4680 0.839823 0.59064 0.885662 2.90376
4690 0.8375 0.573102 0.75312 2.8847
4700 0.599986 0.406077 1.01863 2.05092
4710 0.910284 0.636515 0.567984 3.14854
4720 0.532008 0.344714 0.970407 1.80353
4730 0.818322 0.577271 0.674729 2.83158
4740 0.664117 0.445317 0.760047 2.27431
4750 0.60041 0.414532 0.848027 2.06225
4760 0.781017 0.541327 0.51772 2.69358
4770 0.441892 0.282001 0.878798 1.49022
4780 0.759263 0.534583 0.506139 2.62503
4790 0.513119 0.334177 0.736274 1.74227
4800 0.590821 0.412491 0.676867 2.03555
4810 0.645309 0.44123 0.501119 2.21587
4820 0.397355 0.256706 0.761555 1.34311
4830 0.673059 0.471041 0.392193 2.32256
4840 0.394081 0.247379 0.681777 1.32496
4850 0.558858 0.391436 0.522602 1.92757
4860 0.516575 0.346393 0.486051 1.76428
4870 0.375949 0.249055 0.634405 1.27866
4880 0.573762 0.397576 0.330232 1.97507
4890 0.311235 0.189432 0.60584 1.03879
4900 0.507506 0.354638 0.396938 1.75019
4910 0.403813 0.263825 0.459788 1.37087
4920 0.358338 0.242219 0.510474 1.22518
4930 0.472906 0.323284 0.301258 1.62349
4940 0.260417 0.157781 0.519188 0.868478
4950 0.444421 0.308861 0.301661 1.53152
4960 0.309697 0.196114 0.421221 1.04434
4970 0.334885 0.229268 0.396961 1.14903
4980 0.377275 0.253909 0.283253 1.29118
4990 0.229547 0.143174 0.429387 0.76996
5000 0.376027 0.259766 0.233076 1.29453
5010 0.233941 0.143606 0.372426 0.783123
5020 0.302627 0.208946 0.297659 1.04081
5030 0.290827 0.192504 0.263087 0.991318
5040 0.206625 0.134227 0.342036 0.698904
5050 0.30693 0.21093 0.186827 1.05524
5060 0.176356 0.106329 0.316537 0.586738
5070 0.262787 0.182607 0.21569 0.90518
5080 0.216268 0.140764 0.236518 0.733261
5090 0.184607 0.124273 0.261512 0.629272
5100 0.240908 0.16484 0.156589 0.826662
5110 0.135789 0.0829129 0.257668 0.45133
5120 0.218602 0.152645 0.15305 0.753472
5130 0.155434 0.0996224 0.204358 0.523539
5140 0.16135 0.11146 0.191202 0.553158
5150 0.180862 0.123242 0.136242 0.618916
5160 0.110527 0.0707049 0.199787 0.370087
5170 0.173431 0.121376 0.11139 0.597572
5180 0.110149 0.0702258 0.16895 0.368629
5190 0.136808 0.0958905 0.133852 0.47065
5200 0.129211 0.0875645 0.120302 0.440311
5210 0.0959503 0.0646299 0.146333 0.3251
5220 0.130445 0.0910585 0.0889707 0.448583
5230 0.0813243 0.0527805 0.132989 0.271799
5240 0.111839 0.0786362 0.0916167 0.385052
5250 0.0886166 0.0595181 0.104749 0.299917
5260 0.0857558 0.059435 0.100877 0.293048
5270 0.0932278 0.0643194 0.0782457 0.318953
5280 0.066625 0.0447338 0.0997078 0.224224
5290 0.0883452 0.0615884 0.0654782 0.303404
5300 0.0611361 0.0405038 0.0885635 0.204943
5310 0.0758882 0.0528917 0.0664863 0.260037
5320 0.0644149 0.0431702 0.0712106 0.217954
5330 0.0595729 0.0408872 0.0718725 0.202042
5340 0.0679294 0.0463311 0.0529926 0.231713
5350 0.0463777 0.0303288 0.0724395 0.15426
5360 0.0651151 0.0449423 0.0447936 0.222633
5370 0.0449783 0.0285184 0.0636772 0.149188
5380 0.0542004 0.0372554 0.0507997 0.184227
5390 0.0513309 0.0336946 0.0476074 0.172888
5400 0.0401145 0.0261298 0.0573129 0.133228
5410 0.0539101 0.0364393 0.0344096 0.183095
5420 0.0338045 0.0200328 0.0549232 0.109409
5430 0.0481475 0.0327457 0.0362257 0.163165
5440 0.0385862 0.0239138 0.0435816 0.127332
5450 0.0366773 0.0239037 0.0440643 0.121808
5460 0.0433011 0.0283924 0.0301548 0.145381
5470 0.0279656 0.015974 0.0455914 0.0888997
5480 0.0412297 0.0275747 0.0269829 0.138712
5490 0.0294325 0.0169608 0.0385561 0.0943694
5500 0.0329784 0.0213963 0.0333133 0.109093
5510 0.0340908 0.0214712 0.0273155 0.112472
5520 0.0245537 0.0139749 0.0365179 0.0772641
5530 0.0341262 0.0222777 0.0215406 0.11344
5540 0.0233862 0.0125362 0.0326158 0.0725649
5550 0.0287612 0.018385 0.0251542 0.0942447
5560 0.0267853 0.0160134 0.0242739 0.0861885
5570 0.0220482 0.0125927 0.0284812 0.0688018
5580 0.0277086 0.0174807 0.0183459 0.0904123
5590 0.0196644 0.0101068 0.0267085 0.059283
5600 0.0245359 0.0153002 0.0195829 0.0790989
5610 0.0214412 0.0121099 0.0212425 0.0667539
5620 0.0198376 0.0113339 0.0222016 0.0611646
5630 0.022416 0.0135416 0.0166214 0.0711627
5640 0.0174367 0.0090125 0.0216662 0.0515396
5650 0.0208238 0.0125886 0.0162586 0.0655433
5660 0.017973 0.00975438 0.0184511 0.0540162
5670 0.0181032 0.0103611 0.0175361 0.0550521
5680 0.0187363 0.010832 0.0151399 0.0575029
5690 0.0164233 0.00882971 0.0173542 0.0482855
5700 0.0182943 0.0107395 0.0138071 0.0560908
5710 0.0163895 0.00889669 0.0155051 0.048277
5720 0.0170602 0.00979192 0.0139544 0.0513042
5730 0.0168349 0.0095086 0.0132836 0.0503265
5740 0.0160396 0.00892655 0.0139012 0.047213
5750 0.0167526 0.00964811 0.0120774 0.0502348
5760 0.0157027 0.00869936 0.0131046 0.0459383
5770 0.0161533 0.00926623 0.0119381 0.0479727
5780 0.0156648 0.00880968 0.0121282 0.0459861
5790 0.0155244 0.00880349 0.0119606 0.04556
5800 0.0155312 0.00883767 0.0114742 0.0456914
5810 0.0150927 0.00849447 0.0118047 0.0439775
5820 0.0153277 0.00876654 0.0110452 0.0450818
5830 0.0148262 0.00831747 0.011512 0.0431024
5840 0.0150575 0.00859265 0.0108117 0.0442165
5850 0.0147588 0.00830215 0.0109644 0.0430792
5860 0.0146799 0.0082829 0.010841 0.0428977
5870 0.0148004 0.00839295 0.0103007 0.0434936
5880 0.014353 0.0079961 0.0108184 0.0417644
5890 0.0146547 0.00831673 0.0100306 0.0431488
5900 0.0142434 0.00793049 0.0104667 0.0415343
5910 0.0142561 0.00801163 0.0102503 0.0417304
5920 0.0142211 0.00799493 0.0100227 0.041666
5930 0.0138315 0.00768961 0.0104882 0.0401715
5940 0.0140197 0.00792812 0.00993195 0.0410679
5950 0.0135821 0.00756136 0.0104307 0.0393292
5960 0.0135933 0.00766532 0.0102316 0.0395079
5970 0.0134392 0.00756812 0.0102294 0.0389373
5980 0.0131319 0.007366 0.010539 0.0377652
5990 0.0132026 0.00750277 0.010207 0.0381615
6000 0.0128251 0.00720831 0.0105852 0.0366474
6010 0.0128259 0.00728949 0.0104088 0.0367634
6020 0.0126389 0.00715781 0.0104737 0.0360369
6030 0.0124404 0.00703418 0.0106036 0.0352926
6040 0.0124277 0.00706322 0.0104356 0.0353191
6050 0.012166 0.00685138 0.0106482 0.0342705
6060 0.0121619 0.00688111 0.0105056 0.0343431
6070 0.0119953 0.00673668 0.0105817 0.0336891
6080 0.011915 0.00667838 0.0105655 0.0334256
6090 0.0118813 0.00664423 0.0104693 0.0333427
6100 0.0117602 0.00652701 0.0105136 0.0328816
6110 0.0118034 0.00655642 0.0103255 0.0331302
6120 0.0117272 0.00646282 0.0103029 0.0328448
6130 0.0117673 0.00648297 0.0101263 0.0330696
6140 0.011791 0.00647253 0.00995553 0.0332024
6150 0.0117959 0.00645087 0.00982398 0.0332588
6160 0.0118848 0.00650362 0.00955383 0.033669
6170 0.0118894 0.00647444 0.00941063 0.0337101
6180 0.0119643 0.00651928 0.00916035 0.0340582
6190 0.0119999 0.00652183 0.00895942 0.03423
6200 0.0120252 0.00652486 0.00878399 0.0343677
6210 0.012072 0.00654914 0.0085636 0.0345958
6220 0.0120674 0.00652832 0.00843279 0.0346079
6230 0.0120888 0.00653966 0.00825696 0.0347367
6240 0.0120758 0.00651979 0.00813539 0.0347206
6250 0.0120585 0.00650459 0.00802443 0.0346937
6260 0.0120357 0.006487 0.00791692 0.0346455
6270 0.0119881 0.00645081 0.00785473 0.0344954
6280 0.0119437 0.0064238 0.00778348 0.0343643
6290 0.0118756 0.00637836 0.00775313 0.0341351
6300 0.0118048 0.00633776 0.00772706 0.0339006
6310 0.0117209 0.00628855 0.00772227 0.0336133
6320 0.0116282 0.00623659 0.00773265 0.0332933
6330 0.0115312 0.00618533 0.00774861 0.0329588
6340 0.0114239 0.00612898 0.00778176 0.032584
6350 0.0113182 0.00607876 0.00781011 0.0322199
6360 0.0112037 0.00602272 0.00785239 0.0318209
6370 0.0110933 0.00597346 0.00788641 0.0314423
6380 0.0109802 0.00592275 0.00792348 0.0310543
6390 0.0108684 0.00587464 0.00795897 0.030674
6400 0.0107633 0.00583262 0.00798275 0.0303239
6410 0.0106564 0.0057876 0.00801065 0.0299675
6420 0.0105604 0.00575193 0.00802192 0.0296596
6430 0.0104665 0.00571597 0.0080306 0.0293612
6440 0.0103796 0.00568532 0.00803006 0.0290939
6450 0.0103012 0.00566031 0.00801653 0.0288625
6460 0.0102242 0.00563484 0.00800149 0.0286376
6470 0.0101558 0.00561651 0.00797338 0.0284491
6480 0.0100875 0.00559766 0.00794483 0.0282603
6490 0.0100222 0.00558207 0.00791204 0.0280834
6500 0.00995842 0.00556828 0.00787598 0.0279121
6510 0.00989253 0.00555362 0.00784277 0.0277308
6520 0.00982973 0.00554334 0.00780372 0.0275617
6530 0.00976537 0.00553296 0.00776596 0.0273837
6540 0.00970447 0.00552715 0.00772153 0.0272185
6550 0.00964701 0.00552473 0.00766921 0.0270653
6560 0.00959286 0.00552536 0.0076093 0.0269233
6570 0.00954732 0.00553304 0.00753266 0.0268144
6580 0.00950677 0.0055437 0.00744466 0.0267219
6590 0.00947513 0.00556047 0.00733892 0.026663
6600 0.00945007 0.00558044 0.00721809 0.0266272
6610 0.00942942 0.0056019 0.00708623 0.0266059
6620 0.00941366 0.00562526 0.00694246 0.0266013
6630 0.00939726 0.00564591 0.00679674 0.0265905
6640 0.00938014 0.00566444 0.00665036 0.0265746
6650 0.00935876 0.00567802 0.00651019 0.0265396
6660 0.00933096 0.00568551 0.00638187 0.026478
6670 0.00929698 0.00568732 0.00626609 0.0263919
6680 0.00925473 0.00568176 0.00616795 0.026273
6690 0.00920586 0.0056703 0.00608524 0.0261294
6700 0.00915052 0.00565268 0.00601765 0.0259623
6710 0.00908969 0.00562937 0.00596361 0.0257763
6720 0.00902566 0.00560176 0.00591853 0.0255812
6730 0.00895886 0.00556966 0.00588152 0.0253784
6740 0.00889148 0.00553454 0.00584831 0.0251771
6750 0.00882408 0.00549632 0.00581752 0.0249795
6760 0.00875729 0.0054554 0.00578802 0.0247878
6770 0.00869202 0.00541248 0.0057581 0.0246052
6780 0.00862755 0.00536716 0.00572916 0.0244279
6790 0.00856433 0.00532023 0.00570041 0.0242572
6800 0.00850124 0.00527115 0.00567374 0.0240876
6810 0.00843784 0.00522022 0.00564995 0.0239169
6820 0.00837357 0.00516762 0.00562985 0.0237418
6830 0.00830744 0.00511318 0.00561515 0.0235576
6840 0.00823949 0.00505758 0.00560545 0.0233641
6850 0.00816883 0.00500049 0.00560206 0.023157
6860 0.00809586 0.00494266 0.005604 0.0229378
6870 0.0080205 0.00488416 0.00561117 0.0227056
6880 0.00794322 0.0048254 0.00562259 0.0224621
6890 0.00786477 0.00476678 0.00563681 0.0222103
6900 0.00778566 0.00470832 0.00565301 0.0219518
6910 0.00770714 0.00465059 0.00566928 0.0216918
6920 0.00762965 0.00459335 0.00568516 0.0214319
6930 0.00755442 0.00453697 0.00569912 0.021177
6940 0.0074819 0.00448114 0.00571096 0.0209291
6950 0.00741294 0.00442601 0.00571989 0.0206917
6960 0.00734822 0.00437163 0.00572538 0.0204677
6970 0.00728818 0.00431795 0.0057273 0.0202592
6980 0.00723385 0.00426557 0.00572431 0.0200708
6990 0.00718549 0.00421446 0.00571627 0.0199035
7000 0.0071442 0.00416556 0.0057014 0.0197624
7010 0.00711036 0.00411924 0.00567885 0.0196492
7020 0.00708454 0.00407619 0.00564736 0.0195665
7030 0.00706725 0.0040371 0.00560547 0.0195165
7040 0.00705816 0.00400204 0.00555294 0.0194978
7050 0.00705734 0.00397155 0.00548878 0.0195109
7060 0.00706371 0.00394522 0.00541377 0.0195512
7070 0.00707632 0.00392285 0.0053286 0.0196152
7080 0.0070938 0.00390379 0.0052347 0.0196972
7090 0.00711424 0.00388697 0.0051347 0.0197896
7100 0.00713625 0.00387183 0.00503054 0.019887
7110 0.00715772 0.00385709 0.00492575 0.0199812
7120 0.00717729 0.00384213 0.00482282 0.0200671
7130 0.0071935 0.00382602 0.00472456 0.0201393
7140 0.00720501 0.00380792 0.00463386 0.0201924
7150 0.00721131 0.00378776 0.00455197 0.020225
7160 0.00721129 0.00376476 0.00448134 0.0202328
7170 0.00720497 0.00373913 0.00442214 0.0202161
7180 0.00719193 0.00371044 0.00437531 0.0201733
7190 0.00717215 0.00367873 0.00434091 0.0201044
7200 0.00714606 0.00364448 0.00431794 0.0200113
7210 0.00711352 0.00360755 0.00430652 0.0198935
7220 0.00707551 0.00356883 0.00430443 0.019755
7230 0.00703213 0.00352817 0.00431118 0.0195962
7240 0.00698439 0.00348651 0.00432456 0.0194212
7250 0.00693296 0.00344444 0.00434292 0.0192331
7260 0.00687847 0.00340247 0.0043649 0.0190343
7270 0.0068221 0.00336153 0.00438804 0.01883
7280 0.00676414 0.00332156 0.00441175 0.0186211
7290 0.00670581 0.0032837 0.00443378 0.0184131
7300 0.00664739 0.003248 0.00445369 0.0182069
7310 0.00658968 0.00321502 0.00447027 0.018006
7320 0.00653312 0.00318484 0.00448281 0.0178124
7330 0.00647791 0.00315738 0.00449124 0.0176268
7340 0.00642467 0.00313314 0.00449468 0.0174519
7350 0.00637321 0.00311173 0.00449368 0.0172868
7360 0.00632399 0.00309341 0.00448765 0.0171334
7370 0.00627668 0.00307764 0.00447718 0.0169901
7380 0.00623132 0.00306442 0.00446232 0.0168571
7390 0.00618774 0.00305362 0.00444341 0.0167333
7400 0.00614554 0.00304483 0.00442119 0.0166168
7410 0.00610461 0.00303798 0.00439576 0.016507
7420 0.00606437 0.00303247 0.00436803 0.0164012
7430 0.00602481 0.00302846 0.00433797 0.0162992
7440 0.00598564 0.0030257 0.00430606 0.0161993
7450 0.00594687 0.00302423 0.0042722 0.0161013
7460 0.00590861 0.00302403 0.00423603 0.0160056
7470 0.00587093 0.00302511 0.00419725 0.0159124
7480 0.00583438 0.00302787 0.00415484 0.0158235
7490 0.00579915 0.00303228 0.00410833 0.0157394
7500 0.00576576 0.00303859 0.00405664 0.0156623
7510 0.00573435 0.00304664 0.00399932 0.0155924
7520 0.00570508 0.00305637 0.00393601 0.0155304
7530 0.00567795 0.00306759 0.00386666 0.0154759
7540 0.00565255 0.00307978 0.0037921 0.0154271
7550 0.00562854 0.00309255 0.00371311 0.0153826
7560 0.00560503 0.00310509 0.0036316 0.0153387
7570 0.00558137 0.00311691 0.00354932 0.0152928
7580 0.00555668 0.00312735 0.00346866 0.0152414
7590 0.00553016 0.00313585 0.00339201 0.0151814
7600 0.00550121 0.00314207 0.00332138 0.0151107
7610 0.0054692 0.00314561 0.0032589 0.0150271
7620 0.00543401 0.00314648 0.00320563 0.0149305
7630 0.00539552 0.00314461 0.00316246 0.0148206
7640 0.00535394 0.0031402 0.00312932 0.0146985
7650 0.00530963 0.00313354 0.0031055 0.0145662
7660 0.00526302 0.00312484 0.00309006 0.0144256
7670 0.00521479 0.00311458 0.00308127 0.0142796
7680 0.00516549 0.00310301 0.00307772 0.0141304
7690 0.00511577 0.00309055 0.00307762 0.0139809
7700 0.00506612 0.00307743 0.00307951 0.0138329
7710 0.00501692 0.00306383 0.00308221 0.013688
7720 0.00496858 0.00305 0.00308461 0.0135475
7730 0.0049212 0.003036 0.00308625 0.0134116
7740 0.00487491 0.00302193 0.0030866 0.0132805
7750 0.00482959 0.00300773 0.00308567 0.0131535
7760 0.00478514 0.00299342 0.00308352 0.0130297
7770 0.00474141 0.00297898 0.00308033 0.0129081
7780 0.00469817 0.00296434 0.0030765 0.0127875
7790 0.00465528 0.00294951 0.00307225 0.012667
7800 0.00461259 0.00293441 0.00306793 0.0125455
7810 0.00457004 0.00291908 0.00306372 0.0124227
7820 0.00452767 0.00290353 0.00305968 0.0122985
7830 0.00448552 0.00288771 0.00305594 0.0121728
7840 0.00444385 0.00287175 0.00305222 0.0120467
7850 0.00440282 0.00285559 0.00304856 0.0119204
7860 0.0043628 0.00283936 0.00304457 0.0117957
7870 0.0043241 0.00282304 0.00304002 0.0116736
7880 0.00428701 0.00280663 0.00303473 0.0115553
7890 0.00425205 0.0027903 0.0030281 0.011443
7900 0.00421936 0.00277396 0.0030202 0.0113373
7910 0.00418955 0.00275788 0.00301021 0.0112408
7920 0.00416271 0.00274193 0.00299814 0.0111539
7930 0.00413929 0.00272636 0.00298334 0.0110786
7940 0.00411955 0.0027113 0.00296534 0.0110162
7950 0.00410352 0.00269676 0.00294404 0.0109667
7960 0.00409164 0.00268308 0.00291848 0.0109324
7970 0.00408355 0.00266999 0.00288903 0.0109115
7980 0.00407952 0.00265785 0.00285488 0.0109054
7990 0.00407908 0.00264645 0.00281643 0.0109123
8000 0.0040819 0.00263575 0.00277386 0.010931
8010 0.00408769 0.00262571 0.00272725 0.0109603
8020 0.00409548 0.00261577 0.00267805 0.010996
8030 0.00410504 0.00260607 0.00262632 0.0110378
8040 0.00411519 0.00259597 0.00257405 0.0110806
8050 0.00412545 0.0025854 0.00252206 0.0111229
8060 0.00413507 0.00257396 0.0024718 0.0111617
8070 0.00414318 0.00256118 0.00242514 0.0111934
8080 0.0041496 0.00254722 0.00238251 0.0112179
8090 0.00415339 0.00253152 0.00234606 0.0112312
8100 0.00415463 0.00251435 0.00231571 0.0112342
8110 0.00415285 0.00249535 0.00229254 0.0112249
8120 0.00414798 0.0024746 0.0022767 0.011203
8130 0.00414024 0.00245243 0.00226747 0.01117
8140 0.00412934 0.00242866 0.00226531 0.0111244
8150 0.00411596 0.00240389 0.00226839 0.0110694
8160 0.00409992 0.00237789 0.00227674 0.0110041
8170 0.00408182 0.00235123 0.00228873 0.0109312
8180 0.00406193 0.00232417 0.00230337 0.0108518
8190 0.00404047 0.00229693 0.00231995 0.010767
8200 0.00401812 0.00227001 0.00233678 0.0106796
8210 0.00399484 0.00224329 0.00235378 0.0105895
8220 0.00397131 0.00221743 0.00236942 0.0104998
8230 0.0039476 0.00219245 0.00238355 0.0104106
8240 0.00392404 0.00216868 0.00239547 0.0103236
8250 0.0039009 0.00214622 0.00240468 0.0102399
8260 0.00387817 0.00212503 0.00241124 0.0101594
8270 0.00385618 0.00210543 0.00241461 0.0100837
8280 0.00383479 0.00208727 0.0024151 0.0100122
8290 0.00381419 0.00207069 0.00241248 0.00994562
8300 0.00379427 0.00205551 0.00240697 0.00988356
8310 0.003775 0.0020417 0.00239872 0.00982582
8320 0.00375636 0.00202923 0.00238782 0.00977227
8330 0.00373819 0.00201796 0.00237463 0.00972213
8340 0.00372046 0.00200781 0.00235924 0.00967522
8350 0.00370301 0.00199861 0.00234196 0.00963071
8360 0.00368577 0.0019903 0.00232296 0.00958822
8370 0.00366865 0.00198277 0.00230238 0.00954727
8380 0.00365159 0.00197595 0.0022804 0.0095074
8390 0.00363457 0.00196979 0.00225702 0.00946846
8400 0.00361756 0.0019642 0.00223227 0.00943018
8410 0.0036006 0.00195919 0.00220606 0.0093926
8420 0.00358372 0.00195472 0.00217829 0.00935575
8430 0.00356697 0.00195075 0.00214881 0.00931972
8440 0.00355042 0.00194729 0.00211745 0.00928471
8450 0.0035341 0.00194427 0.00208416 0.00925067
8460 0.00351805 0.00194167 0.00204886 0.00921766
8470 0.00350219 0.00193934 0.00201168 0.00918533
8480 0.00348647 0.00193717 0.00197284 0.00915333
8490 0.00347076 0.001935 0.00193275 0.00912102
8500 0.00345486 0.00193267 0.00189203 0.00908753
8510 0.00343858 0.00192998 0.00185136 0.00905201
8520 0.00342164 0.00192671 0.00181168 0.00901334
8530 0.0034038 0.00192267 0.00177394 0.00897055
8540 0.00338484 0.00191771 0.00173912 0.00892271
8550 0.00336456 0.00191169 0.00170818 0.00886903
8560 0.00334281 0.00190454 0.00168186 0.00880905
8570 0.00331951 0.0018962 0.00166077 0.00874247
8580 0.00329464 0.00188668 0.00164519 0.00866937
8590 0.00326828 0.00187607 0.00163511 0.00859013
8600 0.00324054 0.00186444 0.00163024 0.00850534
8610 0.00321164 0.00185197 0.00162998 0.00841594
8620 0.00318178 0.00183877 0.00163359 0.00832288
8630 0.00315124 0.00182505 0.00164014 0.00822738
8640 0.00312028 0.00181097 0.00164871 0.00813058
8650 0.00308919 0.00179671 0.00165835 0.00803361
8660 0.00305821 0.00178244 0.00166819 0.00793755
8670 0.00302754 0.00176827 0.00167753 0.00784321
8680 0.00299739 0.0017543 0.00168573 0.00775133
8690 0.00296788 0.00174062 0.00169234 0.00766239
8700 0.00293911 0.0017273 0.00169706 0.00757667
8710 0.00291113 0.00171436 0.00169967 0.00749428
8720 0.00288394 0.00170178 0.00170014 0.00741512
8730 0.00285756 0.00168956 0.00169847 0.00733906
8740 0.00283194 0.0016777 0.00169475 0.00726583
8750 0.00280708 0.00166615 0.00168914 0.00719517
8760 0.00278293 0.00165489 0.00168178 0.00712686
8770 0.00275947 0.00164388 0.00167289 0.00706066
8780 0.00273672 0.00163309 0.0016626 0.00699651
8790 0.00271469 0.0016225 0.00165111 0.00693438
8800 0.00269342 0.00161211 0.00163855 0.00687437
8810 0.00267298 0.0016019 0.00162502 0.0068167
8820 0.00265343 0.00159187 0.00161062 0.0067616
8830 0.00263489 0.00158204 0.00159538 0.0067095
8840 0.00261744 0.00157243 0.00157935 0.00666077
8850 0.00260119 0.00156305 0.0015625 0.00661584
8860 0.00258626 0.00155394 0.00154482 0.00657519
8870 0.00257272 0.00154512 0.00152626 0.00653916
8880 0.00256068 0.00153666 0.00150674 0.00650819
8890 0.00255018 0.00152856 0.00148623 0.00648249
8900 0.00254127 0.00152086 0.00146465 0.00646224
8910 0.00253394 0.00151358 0.00144198 0.0064475
8920 0.00252817 0.00150671 0.00141822 0.0064381
8930 0.00252388 0.00150025 0.00139342 0.0064338
8940 0.00252097 0.00149416 0.0013677 0.00643411
8950 0.00251926 0.00148838 0.00134129 0.00643839
8960 0.00251859 0.00148282 0.00131446 0.00644588
8970 0.00251871 0.0014774 0.00128762 0.00645564
8980 0.00251939 0.00147201 0.00126123 0.00646668
8990 0.00252035 0.00146651 0.00123588 0.00647795
9000 0.00252133 0.00146077 0.00121216 0.00648839
9010 0.00252208 0.00145467 0.00119072 0.006497
9020 0.00252235 0.0014481 0.00117217 0.00650288
9030 0.00252195 0.00144098 0.00115706 0.00650524
9040 0.00252069 0.00143322 0.00114582 0.0065035
9050 0.00251844 0.00142477 0.00113875 0.00649717
9060 0.00251515 0.00141562 0.00113591 0.00648607
9070 0.00251075 0.00140578 0.00113725 0.00647014
9080 0.00250529 0.00139531 0.00114246 0.00644956
9090 0.00249881 0.00138426 0.0011511 0.00642466
9100 0.00249141 0.00137272 0.0011626 0.00639589
9110 0.00248321 0.00136083 0.0011763 0.00636391
9120 0.00247436 0.00134871 0.00119154 0.00632939
9130 0.00246503 0.00133652 0.0012076 0.00629314
9140 0.0024554 0.00132439 0.00122383 0.00625595
9150 0.00244561 0.00131245 0.00123966 0.00621856
9160 0.00243586 0.00130087 0.00125452 0.00618183
9170 0.00242627 0.00128979 0.00126803 0.00614638
9180 0.00241699 0.00127933 0.00127976 0.0061129
9190 0.00240811 0.00126955 0.0012895 0.00608182
9200 0.00239971 0.00126053 0.00129703 0.00605353
9210 0.00239186 0.00125238 0.0013022 0.00602837
9220 0.00238455 0.0012451 0.00130505 0.00600634
9230 0.00237783 0.00123875 0.00130546 0.00598765
9240 0.00237161 0.00123322 0.00130363 0.00597189
9250 0.0023659 0.00122854 0.00129955 0.00595909
9260 0.0023606 0.00122469 0.00129343 0.00594884
9270 0.00235563 0.00122161 0.00128544 0.00594074
9280 0.00235094 0.00121924 0.00127568 0.00593456
9290 0.00234637 0.00121741 0.00126451 0.00592947
9300 0.0023419 0.00121615 0.00125195 0.00592543
9310 0.00233737 0.00121536 0.00123835 0.00592169
9320 0.00233274 0.00121499 0.00122381 0.005918
9330 0.00232793 0.00121494 0.0012085 0.00591397
9340 0.00232283 0.0012151 0.00119268 0.00590906
9350 0.00231744 0.0012155 0.0011763 0.00590332
9360 0.00231167 0.00121604 0.00115965 0.00589618
9370 0.00230553 0.00121674 0.00114266 0.00588777
9380 0.00229896 0.00121748 0.00112548 0.00587774
9390 0.00229195 0.00121822 0.00110817 0.00586599
9400 0.00228452 0.001219 0.00109071 0.00585262
9410 0.0022766 0.00121972 0.0010733 0.00583725
9420 0.00226824 0.00122041 0.00105588 0.0058201
9430 0.00225937 0.00122094 0.00103868 0.0058008
9440 0.00224996 0.00122129 0.00102184 0.00577932
9450 0.00224002 0.00122145 0.00100551 0.00575558
9460 0.00222946 0.00122134 0.000990054 0.00572919
9470 0.00221828 0.00122094 0.000975589 0.00570022
9480 0.00220639 0.00122015 0.000962561 0.00566823
9490 0.00219378 0.00121896 0.000951186 0.00563319
9500 0.00218041 0.00121735 0.00094174 0.00559497
9510 0.00216623 0.00121529 0.000934532 0.00555336
9520 0.00215129 0.00121281 0.000929584 0.00550855
9530 0.00213553 0.00120985 0.000927114 0.00546036
9540 0.00211903 0.00120649 0.000926968 0.00540916
9550 0.00210183 0.00120276 0.000929061 0.00535509
9560 0.00208401 0.00119872 0.000933165 0.00529848
9570 0.00206566 0.00119445 0.000938884 0.00523985
9580 0.00204688 0.00118998 0.000945931 0.00517951
9590 0.00202781 0.00118544 0.000953776 0.00511816
9600 0.00200856 0.00118089 0.00096205 0.00505622
9610 0.00198927 0.00117643 0.000970287 0.00499432
9620 0.00197008 0.00117211 0.000978071 0.00493298
9630 0.00195107 0.001168 0.000985082 0.00487264
9640 0.00193239 0.00116417 0.000990954 0.00481382
9650 0.0019141 0.00116065 0.000995485 0.00475679
9660 0.00189628 0.00115748 0.000998454 0.0047019
9670 0.00187899 0.00115467 0.000999733 0.00464931
9680 0.00186225 0.00115221 0.000999272 0.00459909
9690 0.0018461 0.00115012 0.000997014 0.00455138
9700 0.00183053 0.00114837 0.00099302 0.00450605
9710 0.00181555 0.00114694 0.000987324 0.00446309
9720 0.00180114 0.00114579 0.00098003 0.00442236
9730 0.00178727 0.00114488 0.000971266 0.00438371
9740 0.00177394 0.0011442 0.000961139 0.00434708
9750 0.00176112 0.00114371 0.000949831 0.00431224
9760 0.00174881 0.00114338 0.000937453 0.00427919
9770 0.00173697 0.00114317 0.000924184 0.00424776
9780 0.0017256 0.00114307 0.000910154 0.00421791
9790 0.00171472 0.00114306 0.000895492 0.00418965
9800 0.0017043 0.00114313 0.000880351 0.00416291
9810 0.00169438 0.00114328 0.000864811 0.00413778
9820 0.00168493 0.00114347 0.000849018 0.00411418
9830 0.00167598 0.00114373 0.000833028 0.00409223
9840 0.00166753 0.00114405 0.000816952 0.00407191
9850 0.00165959 0.00114444 0.000800872 0.00405323
9860 0.00165214 0.0011449 0.000784853 0.0040362
9870 0.00164517 0.0011454 0.000769013 0.0040207
9880 0.00163868 0.00114598 0.000753406 0.00400673
9890 0.00163261 0.00114661 0.000738182 0.00399408
9900 0.00162693 0.00114729 0.000723443 0.00398264
9910 0.0016216 0.00114799 0.00070935 0.00397216
9920 0.00161654 0.0011487 0.000696085 0.00396234
9930 0.00161169 0.00114939 0.00068381 0.00395297
9940 0.00160697 0.00115003 0.000672779 0.00394364
9950 0.00160231 0.00115061 0.000663164 0.00393411
9960 0.00159762 0.00115107 0.000655212 0.00392398
9970 0.00159282 0.00115139 0.000649096 0.00391299
9980 0.00158786 0.00115156 0.000644969 0.00390087
9990 0.00158267 0.00115153 0.000642958 0.00388736
