0 9.19386 4.97468 9.63653e-15 29.7524
10 3.62754 5.75441 6.26399 12.4577
20 5.15609 4.01458 3.55388 18.1344
30 3.57337 2.74614 5.32149 12.0286
40 5.23276 3.04746 4.39038 18.0232
50 4.01461 2.32598 4.70987 14.0626
60 4.60106 2.95642 4.77595 15.612
70 4.42737 2.33138 4.64817 15.0613
80 4.65958 2.72671 4.11221 15.6272
90 3.85764 2.37192 4.911 13.0222
100 4.77564 2.95783 4.35194 15.8796
110 4.42338 2.61615 5.17963 14.8514
120 4.97866 3.20831 4.71517 16.5554
130 4.38784 2.96558 5.54426 14.5631
140 5.35707 3.44584 5.05659 17.6842
150 5.03659 3.42645 6.02268 16.8235
160 5.52092 3.75511 5.47423 18.2024
170 5.39727 3.92666 6.35335 17.8983
180 6.05226 4.2499 6.16995 19.8796
190 6.17738 4.34371 6.96746 20.5935
200 6.38926 4.6754 6.64113 20.9609
210 6.71683 4.68268 7.31876 22.298
220 6.98574 5.33904 7.27125 23.2212
230 7.21327 5.18744 8.10724 23.7427
240 7.58459 5.83595 7.88206 24.9327
250 7.6951 5.4865 8.65773 25.5712
260 8.4109 6.38818 8.06328 27.7438
270 7.7408 5.63063 9.32974 25.7182
280 8.97399 6.90557 8.4178 29.6286
290 7.99857 5.51728 9.99022 26.0958
300 9.56927 7.05907 8.79932 31.3659
310 8.06714 5.73456 10.3437 26.8969
320 10.0215 7.13407 8.81464 33.2778
330 8.11381 6.63625 10.8098 26.9701
340 10.4002 7.14088 8.48377 34.5935
350 8.05427 7.10109 10.5521 27.1246
360 10.1047 6.73374 8.81739 33.7207
370 8.57577 8.04096 10.9294 28.4677
380 10.3805 8.8119 9.0513 34.4548
390 9.56747 8.95547 10.7362 32.0439
400 9.8186 9.63262 10.4044 34.3522
410 9.65051 9.40512 10.2469 32.0858
420 10.394 10.2552 10.4314 35.9306
430 11.2204 9.40704 10.5597 37.6576
440 10.9609 10.079 12.2091 37.7837
450 11.1283 9.39114 10.7781 36.6323
460 10.5656 10.2014 12.3175 36.5234
470 12.2976 9.72965 10.6301 41.4272
480 10.5185 9.54753 13.0329 36.1189
490 12.6024 10.5154 11.0744 42.7328
500 11.0438 10.4873 12.394 38.5866
510 11.8127 10.8416 11.9339 41.5399
520 11.6602 11.4651 12.3001 40.8973
530 11.6907 11.9436 12.6323 41.4473
540 12.4535 12.9781 12.8835 45.4546
550 12.1693 12.8548 13.4542 44.6046
560 13.0369 13.602 13.8036 47.2607
570 13.2248 14.3206 14.0532 48.5778
580 13.6263 14.9802 14.0662 49.7739
590 14.4841 15.4686 14.6067 52.4263
600 14.6631 15.4735 14.9389 52.0466
610 14.5326 16.4166 15.1942 53.4766
620 15.0396 16.4024 15.455 54.1527
630 14.9383 16.6921 16.695 54.3943
640 16.8346 15.9731 17.0414 59.6698
650 16.1785 16.1633 16.735 55.7504
660 17.5383 17.7402 16.8993 59.7511
670 15.9293 17.2772 16.3792 57.5685
680 16.1348 19.2569 16.9936 58.5204
690 16.3624 17.0394 17.4913 57.7332
700 18.298 17.1887 17.1748 62.8223
710 16.9361 20.4658 17.8628 62.2514
720 17.4187 19.3377 18.2761 62.1029
730 17.8926 18.852 18.1899 65.6186
740 17.8583 18.645 18.9328 65.4863
750 17.752 21.9035 19.0222 64.154
760 17.8639 18.9607 19.3507 66.1499
770 18.0933 20.7537 19.5676 64.6993
780 18.4038 19.7061 18.5963 68.3582
790 18.3562 19.6654 19.6724 66.9333
800 19.4604 19.3764 20.4921 70.922
810 18.3871 18.6757 19.3034 66.76
820 19.056 19.9962 20.096 69.1961
830 19.3746 23.1965 19.9497 69.7053
840 21.4119 20.7161 19.8079 77.4625
850 18.9125 22.1624 20.2645 70.627
860 20.3699 21.7572 20.4881 73.797
870 19.8254 23.8962 20.0931 73.5406
880 19.6861 20.0383 20.2958 71.5553
890 19.1478 21.6273 20.848 71.7783
900 20.2961 21.9133 20.692 75.8623
910 21.3302 22.9375 20.8999 73.5777
920 19.1606 19.6567 21.3508 70.2458
930 21.3928 21.7932 18.7731 77.6097
940 18.9558 19.8046 20.4336 67.7324
950 20.5621 19.6959 19.4743 74.0862
960 17.9241 17.9924 20.3793 64.6661
970 21.6624 21.4362 18.2516 76.3708
980 16.8915 22.0948 18.8134 63.0476
990 18.1311 15.8603 19.2748 62.8523
1000 18.5506 22.8544 18.6773 66.4198
1010 18.0538 16.9943 18.9788 61.2693
1020 18.5188 17.6196 19.2171 65.1114
1030 18.0832 16.6305 18.8529 64.5629
1040 18.245 18.7937 19.2973 65.3387
1050 18.2812 16.2342 19.9156 65.3126
1060 19.1958 16.953 17.631 64.1264
1070 16.7229 16.5339 18.9488 58.6788
1080 17.8286 16.2525 19.4503 62.2099
1090 18.2513 19.1832 20.2069 64.6195
1100 20.0817 17.2515 18.8796 71.235
1110 17.7634 17.0159 18.2362 62.7893
1120 18.0796 14.92 19.1357 62.2618
1130 17.7024 15.938 18.4345 62.4168
1140 17.6632 15.5385 17.2771 62.1428
1150 16.9473 16.7407 18.2884 58.9437
1160 16.973 14.8024 19.0493 59.4809
1170 17.3231 18.3101 18.0549 59.4761
1180 16.8894 15.8767 17.8944 58.4091
1190 17.0939 15.6772 17.9847 57.9517
1200 17.438 15.8205 17.9217 57.4228
1210 16.5868 13.892 17.7746 54.7487
1220 16.7841 16.5042 17.2763 58.0327
1230 16.1452 15.8349 18.6029 55.8186
1240 18.159 17.1308 17.7976 64.094
1250 16.9635 14.6989 19.4105 57.2245
1260 17.9617 15.7837 16.618 61.915
1270 15.5435 15.834 18.6749 54.805
1280 17.6107 13.8008 17.8519 61.7154
1290 16.8026 14.5205 18.8916 58.4123
1300 16.6378 13.3907 18.346 57.5589
1310 17.2547 17.0469 17.4301 60.3891
1320 14.7181 12.5908 16.9313 50.4324
1330 14.9748 14.8806 16.787 51.1972
1340 16.8518 13.5105 17.8021 58.4842
1350 17.8812 17.2921 16.0149 59.8196
1360 14.1194 10.818 16.1834 50
1370 16.1486 14.1969 17.4487 55.6401
1380 16.3706 14.3087 16.4055 55.7199
1390 15.1473 12.0379 16.1554 52.7831
1400 15.2657 13.1586 17.33 50.141
1410 14.9692 11.6532 18.8328 51.8866
1420 19.0427 14.4524 17.0823 64.7855
1430 15.8725 13.7224 20.3059 53.7577
1440 19.7596 15.0443 16.3436 70.179
1450 15.2435 13.3984 17.3198 52.157
1460 17.0151 12.3423 15.4235 57.464
1470 14.2149 14.7554 17.7934 48.9499
1480 17.613 14.1348 15.9902 61.8432
1490 15.3647 16.3879 16.9514 50.4693
1500 15.8529 11.7111 17.7582 53.7331
1510 15.5569 11.9285 17.0152 54.3449
1520 17.9581 16.7959 18.4206 61.8671
1530 16.0654 12.4036 18.2629 55.2675
1540 16.6402 12.2471 15.7187 57.6458
1550 14.5133 11.762 15.5165 50.0756
1560 15.4021 16.0911 16.4275 53.5391
1570 15.3901 11.7133 18.9257 51.8894
1580 18.0801 15.0326 16.4603 60.8359
1590 15.6181 13.5291 17.4928 54.0878
1600 16.2499 12.4304 16.5832 57.2849
1610 16.2321 13.6512 18.3638 53.4901
1620 16.201 12.1785 15.9081 56.6055
1630 14.2157 11.0807 17.7445 48.1227
1640 16.2382 12.3258 17.5083 55.3874
1650 18.3709 15.2154 17.0846 62.5324
1660 16.2799 12.9241 21.0784 57.484
1670 19.6974 14.1061 16.265 67.7018
1680 19.3538 18.4112 19.7025 68.0843
1690 17.9516 13.3558 20.5455 62.3888
1700 19.2903 15.7153 18.8862 64.9382
1710 17.4884 14.4018 20.8029 63.049
1720 17.4746 13.1857 17.171 62.4151
1730 15.8167 12.2347 20.5236 54.1963
1740 18.48 13.9553 16.8994 62.6416
1750 16.3841 12.6904 20.2077 58.6703
1760 17.2113 14.1995 18.3464 61.3063
1770 16.3183 16.464 17.1746 56.8816
1780 15.3705 12.1498 22.1139 53.8367
1790 19.2143 15.0669 18.0032 66.7798
1800 16.4641 15.0594 18.456 58.908
1810 16.4945 14.0157 19.1881 58.6159
1820 17.4447 16.7583 16.5648 59.8898
1830 16.2253 18.0008 18.1973 56.6181
1840 15.5495 13.9396 19.6112 54.8728
1850 18.7515 15.0106 18.4523 63.8306
1860 17.2812 16.5679 21.2496 58.8525
1870 17.8407 14.5759 21.1739 63.7849
1880 18.9683 19.1911 16.8072 66.0499
1890 15.2507 13.7205 20.9427 52.9119
1900 18.8214 17.3042 18.6363 64.988
1910 16.4156 13.4726 20.0116 53.9511
1920 17.9071 14.689 19.1432 62.448
1930 16.6862 16.0587 20.003 60.259
1940 16.313 16.099 19.9185 56.5097
1950 17.5806 18.0389 17.5861 62.6925
1960 17.403 15.0252 17.7014 62.1871
1970 16.2375 17.3202 18.9074 59.5049
1980 18.61 14.4366 18.1247 64.3056
1990 17.7407 14.8435 20.82 60.7877
2000 19.704 14.7885 18.8776 69.4621
2010 18.2715 15.5696 17.7188 63.9041
2020 16.3789 13.2122 17.4353 58.8887
2030 15.9752 15.7706 18.5789 58.2692
2040 16.8559 14.8738 18.4561 62.4367
2050 16.3663 15.2095 17.1024 56.8698
2060 15.8191 14.7461 19.0037 57.9666
2070 18.1081 13.9793 16.0929 65.4291
2080 14.3197 15.2384 18.4151 53.0141
2090 16.4361 14.7279 17.3581 61.497
2100 17.4415 16.6225 17.4501 62.8783
2110 15.8859 13.3299 19.7785 58.403
2120 17.6892 15.9903 16.625 63.2963
2130 14.6805 13.61 19.309 53.4033
2140 16.3479 14.007 16.1519 60.0132
2150 15.3985 16.562 17.6645 53.1556
2160 16.078 13.9891 17.2994 59.3177
2170 16.7823 17.1312 15.8742 58.3544
2180 14.1441 13.5173 16.113 51.529
2190 15.583 14.8029 16.4245 54.9866
2200 16.0649 14.453 18.3517 55.8024
2210 16.965 14.4081 18.6163 60.6018
2220 17.7581 14.8054 17.8617 61.0908
2230 17.2133 13.153 15.1027 60.0929
2240 13.3622 15.6432 16.421 47.5326
2250 15.1816 14.6887 14.9883 54.9948
2260 15.0745 15.0302 17.2091 52.9004
2270 16.4176 13.4923 17.5909 57.5532
2280 16.1128 14.1913 16.161 53.9549
2290 15.1488 12.8412 17.4143 51.607
2300 17.0716 13.4053 16.7785 59.901
2310 15.236 12.7189 16.5056 54.1919
2320 15.256 12.8228 14.0124 53.4827
2330 12.9894 14.5028 17.0425 47.1629
2340 15.268 13.255 15.6334 53.9227
2350 15.2166 14.6169 16.525 53.4723
2360 14.9686 12.3215 17.4277 52.6075
2370 16.1007 14.1476 14.383 54.4571
2380 11.9077 11.1109 16.6135 43.3998
2390 16.5194 12.5997 11.3257 57.9283
2400 10.2365 11.7694 16.2187 36.9826
2410 14.9144 11.8556 13.77 52.2129
2420 13.4284 14.4283 15.5767 48.0256
2430 13.9618 10.367 16.2628 50.4409
2440 15.1592 14.5747 14.3483 53.6375
2450 13.7558 10.0142 17.6228 48.8537
2460 16.1744 14.2849 11.5916 54.8615
2470 10.4929 10.2783 16.4185 37.4518
2480 15.3925 11.3502 13.1547 55.0471
2490 12.3773 12.8949 17.0721 43.2038
2500 15.9856 11.7804 15.7346 56.7868
2510 14.8443 13.0757 15.0095 52.4903
2520 14.2298 10.3099 17.1826 49.7643
2530 16.7545 15.0624 15.7905 59.4035
2540 15.0321 11.3252 19.1928 54.7194
2550 18.0139 15.0482 14.7408 62.6457
2560 13.2006 12.6095 16.8942 46.1986
2570 16.0794 11.5583 14.9309 57.5803
2580 14.3241 14.3828 18.3506 49.4737
2590 17.3048 12.5244 15.2242 62.7285
2600 14.0316 13.4661 14.7915 50.4307
2610 13.6103 11.0087 17.6832 47.0775
2620 16.9527 14.3343 14.7838 59.9773
2630 12.9531 12.1381 19.1307 47.8511
2640 18.5961 14.8633 15.4541 66.08
2650 14.1015 12.5058 16.3822 48.2871
2660 15.6577 11.2178 14.7104 55.7563
2670 14.0559 14.9693 17.532 52.3157
2680 16.7743 12.0032 17.1286 61.5994
2690 15.0775 14.1216 15.1799 51.3723
2700 13.2932 10.7325 16.5983 48.0194
2710 16.7613 12.7028 14.5773 58.3286
2720 13.4926 12.1931 18.4306 46.9609
2730 18.0746 13.1283 14.1945 65.958
2740 12.4199 12.5441 16.3714 45.0516
2750 14.1484 11.8599 16.2941 51.5095
2760 16.7188 15.2512 15.4001 61.3579
2770 14.0392 11.4112 19.9364 50.8854
2780 18.1667 14.9786 14.1995 64.4645
2790 12.5803 10.4117 18.259 45.2791
2800 16.4232 13.4346 13.8169 58.3889
2810 13.3929 14.3269 15.7659 50.8233
2820 14.7173 11.6443 16.7056 54.3665
2830 15.0188 15.6225 15.3432 54.6245
2840 13.3778 11.203 17.8864 48.8245
2850 16.2597 14.1586 12.6178 56.6384
2860 11.8956 12.3846 17.4908 41.129
2870 17.2139 12.7069 12.039 63.7006
2880 10.5429 12.5001 16.9985 38.9011
2890 15.0027 12.0678 15.1576 54.2112
2900 16.4005 14.6063 13.6261 59.4911
2910 12.1964 10.1789 19.0708 44.6091
2920 17.6452 14.7831 11.4893 63.2005
2930 10.4321 9.92249 18.0397 36.0651
2940 15.8712 14.0553 13.4516 55.5679
2950 12.8701 14.441 14.9127 48.1611
2960 13.4762 11.35 15.551 49.6603
2970 13.82 14.9518 12.7071 47.1922
2980 10.6033 9.63432 15.895 39.2177
2990 16.174 13.0777 10.8276 56.498
3000 10.3637 10.9035 18.009 36.2526
3010 17.3303 13.4978 12.6802 62.6715
3020 11.4087 10.9721 15.4908 39.0477
3030 13.547 10.9215 15.3839 48.6437
3040 15.3278 15.0023 11.6107 55.9755
3050 11.1639 9.86129 18.1224 38.9836
3060 16.3162 14.3917 10.9336 56.8691
3070 9.70229 11.355 15.2759 34.5809
3080 14.5449 11.8096 11.0304 51.2856
3090 10.4247 12.7686 15.578 37.9271
3100 14.261 10.4311 13.3219 50.9393
3110 13.056 12.2755 12.2106 46.6845
3120 11.4844 9.4573 16.2756 39.4062
3130 15.4538 13.9893 10.0433 54.4761
3140 9.4584 10.4531 17.2642 32.565
3150 16.1443 13.5631 10.9762 57.0789
3160 10.2226 12.3585 13.5383 35.1858
3170 11.9642 10.1185 11.54 42.934
3180 11.921 13.0584 12.8694 43.2554
3190 11.3321 8.87425 14.2885 40.3768
3200 13.5509 12.1985 12.1175 47.1897
3210 10.5645 8.38262 15.5909 36.8513
3220 14.7132 12.2566 10.7702 52.0246
3230 9.86641 10.429 15.4727 34.0355
3240 14.4458 11.4839 11.4543 51.5268
3250 10.9918 11.8438 15.5451 39.5809
3260 14.3993 10.3212 14.156 51.0431
3270 13.8112 13.32 11.4889 49.4986
3280 9.82628 7.61744 16.1377 33.6001
3290 14.9452 12.9302 10.3127 51.8364
3300 9.33091 8.15474 16.4972 33.7442
3310 15.3257 11.2534 11.9689 53.6969
3320 10.669 11.6339 13.4257 38.7008
3330 11.8036 8.41724 13.6534 41.9945
3340 13.2941 11.9878 10.5963 47.7648
3350 9.00186 8.64495 16.4537 31.7197
3360 15.0997 12.7891 10.6903 53.089
3370 9.8552 9.95871 16.8739 34.4383
3380 16.0801 12.7345 11.5318 57.709
3390 11.5744 11.1345 12.3682 41.6017
3400 10.735 9.64782 14.7616 37.9089
3410 14.2498 14.1521 11.5652 52.4268
3420 10.1948 9.35382 17.2423 36.4148
3430 15.5072 13.9046 12.2136 54.0178
3440 10.8487 8.93646 14.8412 39.1546
3450 14.2882 10.8755 11.9292 49.3645
3460 10.4661 11.9448 15.3309 38.0052
3470 14.1408 10.6053 12.9357 51.5253
3480 11.7446 11.8368 13.1697 41.3619
3490 11.4772 9.54894 16.0924 41.0163
3500 16.0345 13.9635 12.1345 56.9636
3510 10.5303 9.14364 17.6785 37.3563
3520 17.1636 13.9361 10.8613 62.0943
3530 9.61246 10.6356 14.4214 34.8279
3540 12.9107 11.5797 14.0193 44.5921
3550 14.9214 14.6249 13.1705 54.5088
3560 12.6383 10.2958 17.795 44.3558
3570 16.0604 14.0782 11.8302 56.3045
3580 9.43547 9.33604 14.5806 33.3457
3590 13.4597 11.7068 8.94655 46.0414
3600 11.3621 12.6344 13.7418 42.1625
3610 12.7649 10.2779 14.2194 45.1535
3620 12.7538 12.1217 12.8029 43.1654
3630 11.1109 8.26915 14.5722 39.1157
3640 14.6919 12.3181 9.50523 50.5988
3650 8.53224 8.40993 15.6635 29.4169
3660 14.8223 12.1049 10.2095 53.4947
3670 9.77948 10.6698 12.8774 34.6671
3680 11.0146 9.64816 13.6721 38.9932
3690 14.189 13.0053 11.1728 50.0672
3700 9.66099 7.90127 15.8785 33.5699
3710 14.9665 12.3604 9.16927 52.4439
3720 9.12674 9.3873 12.2507 31.9895
3730 11.3987 9.41822 10.2281 39.3769
3740 11.8742 11.8703 11.6363 42.5571
3750 10.9655 8.52203 14.3543 37.7291
3760 13.061 11.302 12.0631 44.5415
3770 10.7416 7.95014 13.7676 37.6295
3780 12.7934 10.7743 10.3531 45.167
3790 8.8019 9.04672 13.1942 30.8027
3800 11.3942 9.20302 10.8247 40.449
3810 10.8447 11.2051 11.8561 37.937
3820 11.1427 9.08766 13.1365 38.1867
3830 11.9167 10.9923 12.1094 40.936
3840 10.671 8.11084 12.6193 37.3869
3850 11.167 9.28814 10.098 39.2118
3860 9.27106 9.3411 10.4737 32.2257
3870 9.99838 9.08168 11.209 34.6859
3880 10.7082 9.80187 11.4616 37.0409
3890 10.8632 8.86684 11.8656 37.4688
3900 10.8697 9.01247 11.4463 37.4952
3910 9.73997 7.97033 9.43828 34.1494
3920 8.8255 8.6382 9.09098 31.2087
3930 8.71344 8.47884 11.0619 30.3935
3940 9.99786 8.51674 10.3059 34.2896
3950 9.61322 8.33683 11.3276 32.6784
3960 10.2583 8.03602 9.46186 35.5346
3970 8.25702 7.52275 9.17775 29.0611
3980 8.68248 7.63957 9.63845 29.7806
3990 9.28595 8.2824 8.86603 31.5513
4000 8.4234 7.15715 10.2601 29.1156
4010 9.56704 7.63833 8.55694 32.6883
4020 7.49009 7.35605 9.91896 26.1964
4030 8.57497 7.42766 8.95246 29.8948
4040 8.37263 7.74065 8.84189 28.6534
4050 8.23676 6.79884 9.69151 28.183
4060 9.34231 7.55995 8.76186 31.8873
4070 7.48582 6.08241 9.79198 26.0927
4080 9.18788 6.84976 8.11242 31.644
4090 7.9066 7.22217 8.37935 27.4871
4100 8.2506 7.02505 9.55757 27.929
4110 8.71175 7.23548 8.48128 30.0395
4120 7.72267 6.07634 9.83261 26.7556
4130 9.05869 6.81866 7.42567 30.8607
4140 7.24433 7.02445 8.34804 25.3862
4150 7.80992 6.89352 8.8741 26.7173
4160 7.81285 6.76241 8.40598 26.6381
4170 7.62742 6.10866 9.35901 26.1263
4180 8.4959 6.43773 7.4109 28.8032
4190 6.96147 6.16876 8.32612 23.9833
4200 7.74332 6.63469 8.08158 26.8013
4210 7.10492 6.22692 8.36022 24.6039
4220 7.98002 6.27754 8.50007 27.0831
4230 7.86442 6.12701 7.78218 26.862
4240 6.79505 6.46991 8.23734 23.3721
4250 7.42978 6.20576 7.58535 25.5329
4260 7.20468 6.1875 8.33035 24.8469
4270 7.81608 6.42664 7.75922 26.4311
4280 7.05819 5.71534 8.19525 24.2116
4290 7.03077 5.99317 8.04322 24.1465
4300 7.31319 5.64974 7.43067 24.9604
4310 6.61688 5.98474 7.85241 22.6803
4320 7.82196 6.44211 7.25244 26.7902
4330 6.24558 5.07769 7.96319 21.4821
4340 7.44734 5.75399 7.88634 25.4005
4350 6.9226 5.49207 6.88665 23.718
4360 6.08707 5.4384 7.55988 21.2457
4370 7.15174 6.08309 6.79741 24.4862
4380 5.63652 5.15416 7.6904 19.9652
4390 7.10298 5.91977 7.52555 23.9904
4400 6.55906 5.32549 6.68156 22.5061
4410 6.13165 5.34318 7.68036 21.0053
4420 6.8197 5.47359 6.13806 23.2934
4430 5.48603 4.80177 7.1566 19.3024
4440 6.90266 5.61645 6.79042 23.6255
4450 5.93974 5.32235 6.68762 20.4935
4460 5.97213 4.91715 7.72215 20.5516
4470 6.60369 5.33059 5.84891 22.9295
4480 5.01773 4.68013 7.29238 17.2957
4490 6.40853 5.40847 5.2951 21.8946
4500 5.02062 4.87594 6.54455 17.2347
4510 6.06096 5.05503 7.17661 20.7399
4520 6.32913 5.31501 5.8917 21.7883
4530 5.04065 4.48545 7.60022 17.5148
4540 6.3845 5.12852 5.21786 22.0386
4550 4.58407 3.91121 6.45956 16.2616
4560 5.86281 4.82564 5.94378 20.0576
4570 5.53335 5.0959 5.66068 18.9119
4580 5.01534 4.46432 7.28209 17.4332
4590 6.43163 5.26065 4.85441 22.1537
4600 4.41191 3.94285 6.8542 15.686
4610 5.66621 4.72414 4.54958 19.464
4620 4.58487 4.49248 5.61111 15.7266
4630 4.89497 4.19109 6.46307 16.9697
4640 5.83305 4.99247 4.96444 20.0222
4650 4.20237 3.71764 6.96095 14.7106
4660 5.85618 4.65167 4.08547 20.1024
4670 3.52531 3.51561 5.578 12.0269
4680 4.78839 4.05939 5.32669 16.5331
4690 5.0286 4.53891 4.70331 17.1991
4700 4.14034 3.51128 6.50458 14.6283
4710 5.58815 4.54905 3.74485 19.1718
4720 3.46308 2.6306 5.68321 12.1381
4730 4.82363 3.97117 4.03477 16.4502
4740 4.01766 3.78236 4.44351 13.7372
4750 3.91529 3.45727 5.49861 13.5468
4760 4.93912 4.16593 3.68877 16.9079
4770 3.16254 2.58567 5.55533 11.1036
4780 4.79592 3.93728 2.80824 16.2092
4790 3.07921 2.89237 4.61667 10.3772
4800 4.06962 3.10092 4.3996 14.061
4810 4.11301 3.55202 3.46213 13.9928
4820 2.99794 2.34208 5.23491 10.3377
4830 4.58359 3.81071 2.57735 15.5381
4840 2.31333 2.01742 4.61079 7.71201
4850 3.99751 3.08755 3.52543 13.979
4860 3.48546 3.03579 3.37143 11.7592
4870 2.84464 2.09308 4.66686 9.61313
4880 4.18202 3.48094 2.23248 14.1327
4890 1.9138 1.5099 4.30457 6.64609
4900 3.72086 2.91274 2.7505 13.0017
4910 2.8817 2.48611 3.34655 9.60685
4920 2.79871 1.94966 3.94675 9.40823
4930 3.64245 3.03573 2.13255 12.2817
4940 1.90322 1.52426 3.8447 6.66514
4950 3.26007 2.64722 2.0601 11.3447
4960 2.26439 1.91289 3.06462 7.48834
4970 2.56521 1.86969 3.10568 8.72595
4980 2.97188 2.5211 2.0598 10.0113
4990 1.88553 1.5039 3.28369 6.58007
5000 2.74201 2.29076 1.5856 9.5026
5010 1.65831 1.35296 2.64471 5.42221
5020 2.24753 1.74678 2.25335 7.70762
5030 2.28053 1.97036 1.9124 7.67066
5040 1.72493 1.38674 2.65744 6.10111
5050 2.25286 1.93097 1.47486 7.60654
5060 1.23672 0.873078 2.21428 4.1886
5070 1.95543 1.57971 1.52786 6.87199
5080 1.64855 1.43905 1.76176 5.52121
5090 1.4931 1.24243 2.00765 5.23268
5100 1.80293 1.59196 1.32957 6.06843
5110 1.10317 0.718153 1.85025 3.72948
5120 1.65316 1.44118 0.971981 5.89134
5130 1.09491 0.963244 1.59214 3.64326
5140 1.35994 1.02099 1.39248 4.64746
5150 1.38952 1.25396 1.12246 4.65076
5160 0.903817 0.592429 1.4898 3.05608
5170 1.3269 1.21956 0.681325 4.74387
5180 0.686112 0.6101 1.33595 2.28695
5190 1.15879 0.831901 0.940106 4.01736
5200 1.00397 0.920723 0.917828 3.34695
5210 0.742357 0.528718 1.13652 2.54456
5220 1.00547 0.950105 0.607624 3.55709
5230 0.566673 0.556887 1.02549 2.03343
5240 0.920036 0.709633 0.580493 3.24178
5250 0.650248 0.605971 0.788683 2.15454
5260 0.668392 0.468885 0.771862 2.30164
5270 0.721883 0.697348 0.53769 2.42724
5280 0.492249 0.47926 0.749522 1.7721
5290 0.676873 0.620195 0.511434 2.45253
5300 0.46639 0.395271 0.68534 1.66236
5310 0.631551 0.491923 0.452608 2.23045
5320 0.487504 0.467639 0.563108 1.63194
5330 0.472252 0.407619 0.584904 1.59588
5340 0.563509 0.520915 0.424472 1.90197
5350 0.399224 0.336392 0.603546 1.41765
5360 0.548521 0.466241 0.358711 1.97486
5370 0.320121 0.305031 0.524539 1.07115
5380 0.449529 0.332961 0.430623 1.55328
5390 0.452114 0.409469 0.344537 1.51694
5400 0.320014 0.286212 0.497329 1.15191
5410 0.441909 0.403364 0.287028 1.58856
5420 0.240749 0.188165 0.439521 0.84634
5430 0.394475 0.286297 0.292239 1.37265
5440 0.333469 0.299 0.322036 1.11221
5450 0.244157 0.2181 0.380635 0.852299
5460 0.350121 0.327521 0.218536 1.20571
5470 0.190755 0.146017 0.346002 0.658202
5480 0.315802 0.251715 0.187254 1.11347
5490 0.221918 0.202027 0.277896 0.732805
5500 0.235534 0.176653 0.272152 0.808098
5510 0.260965 0.244396 0.190734 0.872886
5520 0.156734 0.116948 0.277092 0.534287
5530 0.247287 0.22138 0.12743 0.896507
5540 0.140737 0.132389 0.236231 0.470047
5550 0.210267 0.160168 0.184314 0.72823
5560 0.19106 0.181497 0.174826 0.644074
5570 0.139646 0.10215 0.216072 0.470776
5580 0.191344 0.178305 0.112828 0.671907
5590 0.0928977 0.0741392 0.192952 0.299491
5600 0.170492 0.127442 0.129408 0.591554
5610 0.142891 0.122911 0.143592 0.471074
5620 0.113931 0.0913184 0.161403 0.3794
5630 0.148387 0.135623 0.0971529 0.503441
5640 0.0724616 0.0555498 0.145086 0.25399
5650 0.137678 0.117276 0.0815771 0.49067
5660 0.10357 0.0932869 0.122312 0.343684
5670 0.108313 0.0759905 0.108513 0.37527
5680 0.121598 0.117117 0.0764859 0.411308
5690 0.0604954 0.0537234 0.111425 0.217343
5700 0.106333 0.109135 0.0497663 0.38878
5710 0.0660142 0.0685999 0.0987142 0.221169
5720 0.0870788 0.0738441 0.0748504 0.311846
5730 0.0861271 0.0933721 0.0632723 0.297218
5740 0.0442073 0.0414915 0.0878978 0.151242
5750 0.0753204 0.0847204 0.0401555 0.277212
5760 0.0423013 0.0443213 0.0728622 0.132045
5770 0.0648976 0.0551839 0.052258 0.216001
5780 0.0587215 0.0616919 0.0500857 0.184761
5790 0.0391691 0.0315447 0.0613825 0.11919
5800 0.0568889 0.0533628 0.0389176 0.195325
5810 0.0380097 0.0309381 0.0522733 0.114056
5820 0.0483105 0.0341594 0.0359088 0.164077
5830 0.0442372 0.0313654 0.0408759 0.140805
5840 0.0361436 0.0334153 0.0384848 0.122457
5850 0.0427763 0.0344514 0.0368285 0.141271
5860 0.0328211 0.0297286 0.0318047 0.106888
5870 0.0373439 0.031269 0.0342813 0.123847
5880 0.0309558 0.0212743 0.0378842 0.0926558
5890 0.0388204 0.0320757 0.0249972 0.129064
5900 0.0287776 0.0239163 0.0344136 0.0866121
5910 0.0342664 0.0273167 0.030095 0.121121
5920 0.0334179 0.0311346 0.0268921 0.113179
5930 0.0269094 0.0167944 0.035189 0.0813909
5940 0.0367268 0.0345402 0.0232018 0.12481
5950 0.0261505 0.0178427 0.0307584 0.0774598
5960 0.0283589 0.0275231 0.0239463 0.10398
5970 0.0261151 0.027224 0.0233248 0.0903849
5980 0.0242464 0.017974 0.0283702 0.0683981
5990 0.0252712 0.0280066 0.0224362 0.0900509
6000 0.0229374 0.0186472 0.0260926 0.0660736
6010 0.0224585 0.0200334 0.0225461 0.0741695
6020 0.0219395 0.0206751 0.0227081 0.0643418
6030 0.0218287 0.0188233 0.0227091 0.0639004
6040 0.0216701 0.0208973 0.0226452 0.0675295
6050 0.021554 0.0177931 0.0226269 0.06295
6060 0.0214183 0.01866 0.0226187 0.0624448
6070 0.0213137 0.0168633 0.022496 0.0621191
6080 0.0212036 0.0165977 0.0223484 0.0616971
6090 0.0211143 0.0175007 0.0222907 0.0614255
6100 0.0210177 0.0138374 0.022124 0.0610469
6110 0.020941 0.0179445 0.0218663 0.0608167
6120 0.0208519 0.0122951 0.0216272 0.0604653
6130 0.0207863 0.0155791 0.0213979 0.0602715
6140 0.0219913 0.0156108 0.0210784 0.0656989
6150 0.0242116 0.0118496 0.0206932 0.0727764
6160 0.0260776 0.0174732 0.0203284 0.0783066
6170 0.0274367 0.0124933 0.0199947 0.0824755
6180 0.0285784 0.0147476 0.0195862 0.0857439
6190 0.0295436 0.0144481 0.0191571 0.0887232
6200 0.0304616 0.011394 0.0187869 0.0915587
6210 0.0313352 0.0153661 0.018381 0.0942469
6220 0.0320812 0.00989464 0.0179782 0.0963923
6230 0.0325809 0.0129401 0.0175963 0.0977505
6240 0.0327842 0.0121672 0.0171845 0.0982149
6250 0.0328354 0.00945096 0.0167742 0.0980721
6260 0.0327198 0.0128252 0.01635 0.0975117
6270 0.032481 0.00963107 0.017238 0.0964815
6280 0.0321336 0.0108891 0.0179276 0.0951684
6290 0.0316518 0.00997008 0.0182994 0.0934181
6300 0.031116 0.0100407 0.0184225 0.0914811
6310 0.0304605 0.0098794 0.0184167 0.0891881
6320 0.0297378 0.00969003 0.018437 0.0866942
6330 0.028958 0.00964428 0.0184106 0.0840207
6340 0.0281084 0.00881337 0.0184323 0.0811367
6350 0.0272341 0.0100604 0.0184106 0.0782347
6360 0.0263309 0.00795037 0.018466 0.075208
6370 0.0253975 0.00931975 0.0185879 0.0721009
6380 0.0244494 0.00907405 0.0186639 0.0689649
6390 0.0234995 0.00788139 0.0187974 0.065842
6400 0.022558 0.0092709 0.0188194 0.0627653
6410 0.021634 0.00754313 0.0187364 0.0597656
6420 0.0207352 0.00813818 0.0185691 0.0568677
6430 0.0198655 0.00837779 0.0183806 0.0540851
6440 0.0190319 0.00680661 0.0181894 0.0514217
6450 0.01852 0.00790347 0.0179348 0.0522774
6460 0.0182539 0.00642511 0.0176116 0.0531129
6470 0.01852 0.0068546 0.0173563 0.0542037
6480 0.0190481 0.00663646 0.0171148 0.055093
6490 0.0194899 0.00723606 0.0168237 0.0563212
6500 0.0198423 0.00732543 0.0166426 0.0573083
6510 0.0203326 0.00710001 0.0164133 0.0580671
6520 0.0207593 0.00720845 0.0161671 0.0590502
6530 0.0211029 0.00697923 0.0159816 0.0600196
6540 0.0215138 0.00752254 0.0157534 0.0607677
6550 0.0219537 0.00756028 0.0155138 0.0616299
6560 0.0223021 0.00765418 0.0153168 0.0626123
6570 0.0225632 0.00770081 0.0150938 0.0633682
6580 0.0229702 0.00738094 0.0148433 0.063892
6590 0.0233479 0.00888463 0.0146109 0.0647723
6600 0.0236256 0.0100555 0.0143891 0.0655686
6610 0.0238028 0.00930621 0.014144 0.0660983
6620 0.0241417 0.010869 0.0138932 0.0663568
6630 0.0244318 0.0105541 0.0136226 0.0670658
6640 0.0245966 0.0112143 0.0133735 0.0675377
6650 0.0246356 0.011272 0.0131398 0.0676703
6660 0.0247743 0.00959293 0.0128886 0.0674409
6670 0.0249005 0.00962848 0.0126186 0.0676071
6680 0.0248624 0.00840116 0.0123855 0.0674828
6690 0.0246535 0.00793924 0.0121628 0.0668853
6700 0.0244562 0.00735904 0.0119231 0.0668923
6710 0.0243004 0.0066566 0.0117264 0.0666514
6720 0.0239513 0.00658283 0.0115248 0.0662094
6730 0.0234029 0.00648507 0.0119788 0.0658569
6740 0.0227889 0.00643213 0.0124146 0.0652392
6750 0.022286 0.00641342 0.0127233 0.0643505
6760 0.021645 0.00639919 0.0130055 0.0632691
6770 0.0213081 0.00646701 0.0131927 0.0621679
6780 0.0209539 0.006326 0.0132263 0.0610706
6790 0.0205718 0.00630516 0.0132445 0.0599112
6800 0.0201628 0.00626908 0.0132614 0.0587109
6810 0.0197234 0.00615808 0.0132314 0.0573673
6820 0.0192666 0.00613172 0.0132507 0.0560226
6830 0.0187631 0.00602789 0.0132923 0.0546517
6840 0.0182416 0.00593845 0.0132615 0.0531543
6850 0.0176675 0.00586514 0.0132974 0.0514707
6860 0.0170591 0.00579234 0.0133121 0.049648
6870 0.016411 0.005744 0.0132701 0.0477241
6880 0.0163738 0.00577584 0.0131773 0.0473325
6890 0.0164292 0.00576741 0.0131273 0.0471382
6900 0.0164717 0.00572993 0.0130621 0.0465933
6910 0.0164326 0.00571576 0.0129595 0.0459997
6920 0.0164492 0.0055728 0.0128215 0.0453563
6930 0.0163948 0.00546967 0.0127285 0.0448468
6940 0.0162791 0.00540094 0.0126418 0.0442357
6950 0.01621 0.00551242 0.0125168 0.0434999
6960 0.0161592 0.00568228 0.0123935 0.0428225
6970 0.0160792 0.00585801 0.0123136 0.0423442
6980 0.0159824 0.00604421 0.0121953 0.0418182
6990 0.0160118 0.00619329 0.0120768 0.0412421
7000 0.0160158 0.00630579 0.0119924 0.0410333
7010 0.0159968 0.00638046 0.0118687 0.0407973
7020 0.0159515 0.00641681 0.0117492 0.0405136
7030 0.0160508 0.00644501 0.0116506 0.0401651
7040 0.0161249 0.00646029 0.0115148 0.0402323
7050 0.0161671 0.0064613 0.0113789 0.0402383
7060 0.0161694 0.00644767 0.0112528 0.0401563
7070 0.0163007 0.00640725 0.0110998 0.0399829
7080 0.0164183 0.0063497 0.0109293 0.0402324
7090 0.0164924 0.00629672 0.0107839 0.040387
7100 0.0165201 0.00624586 0.010609 0.0408897
7110 0.0166313 0.00616397 0.0104102 0.0431881
7120 0.0167757 0.00605336 0.0102304 0.0452571
7130 0.0168646 0.00591726 0.0100436 0.0470387
7140 0.0168986 0.00578761 0.0098347 0.0486054
7150 0.0169483 0.00563326 0.0096304 0.049995
7160 0.0173208 0.00546202 0.00943343 0.0510876
7170 0.0176122 0.00528704 0.00921817 0.0518599
7180 0.0178422 0.00509264 0.00899658 0.0524253
7190 0.0180054 0.00490404 0.0087647 0.052838
7200 0.0180876 0.00472627 0.00852481 0.0529853
7210 0.018107 0.00457216 0.00887261 0.0528706
7220 0.0180763 0.00440602 0.00926018 0.0526356
7230 0.0179818 0.00425427 0.00957787 0.0522149
7240 0.0178285 0.00427389 0.00984372 0.0516053
7250 0.0176402 0.00419074 0.0100876 0.0508557
7260 0.0174217 0.00417523 0.0102973 0.050044
7270 0.0172255 0.00414586 0.0104399 0.049095
7280 0.0170895 0.00394649 0.010531 0.0480388
7290 0.0169395 0.00396054 0.010614 0.0469172
7300 0.0168975 0.00377142 0.0106654 0.045743
7310 0.0167904 0.00374244 0.0107121 0.0445155
7320 0.0166224 0.00361067 0.0107148 0.0432477
7330 0.0163976 0.00353032 0.0106773 0.0419625
7340 0.0161612 0.00346924 0.0106199 0.0406764
7350 0.0160294 0.00345595 0.0105543 0.0393943
7360 0.0158426 0.00360393 0.0104702 0.0383685
7370 0.0156029 0.00372964 0.0103426 0.037802
7380 0.0153136 0.00388395 0.0101831 0.0371086
7390 0.0149963 0.00393646 0.0100114 0.0362968
7400 0.0147966 0.00408051 0.00983679 0.0356864
7410 0.0145523 0.00410483 0.00967187 0.0350965
7420 0.0142665 0.00419375 0.00948439 0.0344031
7430 0.0139413 0.00418536 0.00927424 0.0336117
7440 0.0135768 0.00416905 0.00906516 0.0327201
7450 0.0133284 0.00414316 0.00888896 0.0319932
7460 0.0130481 0.00409808 0.00869595 0.0313049
7470 0.0127348 0.00405144 0.00849072 0.0305355
7480 0.0123902 0.00399057 0.00830798 0.0296892
7490 0.0120139 0.00394885 0.00813526 0.029003
7500 0.0117363 0.00392482 0.00795255 0.0293355
7510 0.0114375 0.00393044 0.00776871 0.029561
7520 0.0111114 0.00426616 0.00761064 0.0296519
7530 0.010934 0.00477955 0.0074432 0.0298486
7540 0.0110243 0.00506752 0.00726625 0.0301054
7550 0.0110681 0.00559202 0.00711323 0.0302421
7560 0.0110605 0.00579402 0.00695584 0.03024
7570 0.0111602 0.00572167 0.00678833 0.0301212
7580 0.011218 0.00580901 0.00663977 0.0303708
7590 0.0112173 0.00565726 0.006491 0.031628
7600 0.0111515 0.00561152 0.00633615 0.0326173
7610 0.0112103 0.00523396 0.00618298 0.0333583
7620 0.0114454 0.00482214 0.0060444 0.034029
7630 0.01165 0.00441102 0.00590239 0.0346127
7640 0.0117803 0.00414648 0.00575315 0.0349237
7650 0.0118501 0.00390428 0.00561999 0.0350217
7660 0.0119114 0.00388543 0.00551893 0.0351549
7670 0.0119591 0.00386138 0.00589485 0.0352572
7680 0.0119444 0.00383833 0.00617031 0.0351385
7690 0.0118876 0.00380803 0.00645791 0.0348674
7700 0.0118343 0.00378341 0.00674628 0.0345741
7710 0.0117274 0.00375099 0.00693192 0.0342856
7720 0.0116245 0.00371928 0.00715199 0.0339348
7730 0.0114913 0.00368613 0.00728745 0.0334809
7740 0.0113417 0.00365012 0.00733223 0.0329367
7750 0.0111721 0.00361821 0.00738318 0.0323686
7760 0.01097 0.00358042 0.00745166 0.0317884
7770 0.0107664 0.00354373 0.00748825 0.0311653
7780 0.0105303 0.00350641 0.00748837 0.0304435
7790 0.0102706 0.00346486 0.00750015 0.0296506
7800 0.00999975 0.00342919 0.00745514 0.0288254
7810 0.00971008 0.0033896 0.00739837 0.0279353
7820 0.00938866 0.00334806 0.00734973 0.026968
7830 0.00920307 0.00330992 0.00728715 0.0261169
7840 0.00930729 0.00326785 0.00720161 0.0263046
7850 0.00942367 0.00322627 0.00712166 0.0263121
7860 0.00949823 0.00318603 0.00704744 0.0261573
7870 0.00956869 0.00314221 0.00696059 0.0260952
7880 0.00964299 0.00310056 0.00686381 0.0259454
7890 0.00967532 0.00322861 0.00674971 0.0258913
7900 0.00966981 0.00334662 0.00666373 0.025727
7910 0.00972578 0.00346072 0.00656919 0.0254648
7920 0.00974897 0.00359707 0.00645962 0.0253211
7930 0.00974274 0.00371343 0.00633878 0.025172
7940 0.00977466 0.00380936 0.00625225 0.0249541
7950 0.00982211 0.00388495 0.00615315 0.0248327
7960 0.00984266 0.00393956 0.00604153 0.0247767
7970 0.00983733 0.00398029 0.00593344 0.0246621
7980 0.00990036 0.00401977 0.00584095 0.0244913
7990 0.00996656 0.00403926 0.00573608 0.0245282
8000 0.0100071 0.00406463 0.00562001 0.0245657
8010 0.0100211 0.00408776 0.00552234 0.0245446
8020 0.0101218 0.00409512 0.00542 0.0244669
8030 0.0102156 0.00408237 0.00531128 0.0246746
8040 0.0102808 0.00405668 0.00520207 0.0248186
8050 0.0103161 0.00402967 0.00510105 0.0248954
8060 0.0104359 0.00398364 0.0049901 0.0249087
8070 0.0105549 0.00391925 0.00486939 0.0252205
8080 0.0106415 0.00384242 0.00476769 0.0254583
8090 0.0106943 0.00378283 0.00465724 0.0256174
8100 0.0108081 0.00370875 0.00453736 0.025696
8110 0.0109443 0.00361871 0.00442709 0.026042
8120 0.0110438 0.00351379 0.00431569 0.0263414
8130 0.0111058 0.00340347 0.00419549 0.0265504
8140 0.0111705 0.00331911 0.00407475 0.02667
8150 0.0113132 0.00323184 0.00435501 0.0269171
8160 0.0114178 0.00314243 0.0045883 0.0272485
8170 0.0114819 0.0030551 0.00480353 0.0274782
8180 0.0115058 0.00297315 0.00500922 0.0276072
8190 0.0115832 0.00289158 0.00518806 0.0276428
8200 0.0116823 0.0028041 0.00532593 0.0279301
8210 0.0117423 0.00272272 0.00544434 0.0281546
8220 0.0117619 0.00263915 0.00555045 0.0282758
8230 0.0117421 0.0025634 0.00563165 0.0282967
8240 0.0117691 0.00249658 0.0056852 0.0282233
8250 0.0118167 0.00242954 0.00572861 0.0283751
8260 0.0118275 0.00242298 0.00575031 0.028469
8270 0.0118013 0.00250127 0.00575173 0.0284679
8280 0.011739 0.00261439 0.00573347 0.0283739
8290 0.0116667 0.00268426 0.00569983 0.0281919
8300 0.0116647 0.00276817 0.0056602 0.028089
8310 0.0116303 0.00282881 0.00559826 0.0280577
8320 0.0115643 0.00284335 0.00552205 0.0279453
8330 0.0114674 0.00289817 0.00545013 0.0277541
8340 0.0113411 0.00288922 0.00536508 0.0274875
8350 0.0112352 0.00293146 0.00526323 0.0271496
8360 0.0111654 0.00292046 0.00514762 0.0269641
8370 0.011069 0.00291017 0.0050294 0.0267647
8380 0.0109474 0.00289739 0.00490958 0.0265011
8390 0.0108022 0.002854 0.00479308 0.026178
8400 0.0106344 0.00283837 0.00467434 0.0257977
8410 0.0104857 0.00276442 0.00454845 0.0253604
8420 0.0103684 0.00276048 0.00441441 0.0250741
8430 0.0102305 0.00269389 0.00427434 0.0247599
8440 0.0100736 0.00267564 0.00414873 0.0243982
8450 0.00989922 0.00260713 0.00402315 0.0239924
8460 0.00970791 0.00258218 0.00389245 0.0235434
8470 0.00952754 0.00257755 0.00375646 0.0230525
8480 0.00938181 0.00259119 0.00362291 0.0226969
8490 0.00922087 0.00259985 0.00350097 0.0223163
8500 0.0090464 0.00264106 0.00337687 0.0219017
8510 0.00885938 0.00274976 0.00325342 0.0214554
8520 0.00866051 0.00279408 0.00312619 0.0209785
8530 0.00846955 0.0027573 0.00301479 0.0204772
8540 0.00831246 0.00268472 0.00289842 0.0200999
8550 0.00814595 0.00261948 0.00278181 0.0196993
8560 0.00796974 0.0025925 0.00267709 0.019273
8570 0.00778511 0.00258144 0.00257602 0.0188248
8580 0.00759511 0.00256942 0.00247511 0.0183642
8590 0.00741598 0.00255377 0.00238358 0.0179162
8600 0.00726562 0.0025379 0.00250122 0.0175527
8610 0.00711058 0.00251935 0.00275446 0.0171777
8620 0.00695148 0.00249991 0.00296616 0.0167928
8630 0.00678987 0.00247826 0.00313859 0.0164712
8640 0.00662748 0.00245352 0.00330332 0.0164516
8650 0.00647212 0.00242972 0.0034623 0.01639
8660 0.00634315 0.00240205 0.00359528 0.016286
8670 0.00621355 0.00237739 0.00369974 0.016149
8680 0.00608358 0.0023484 0.00378966 0.0159859
8690 0.00595357 0.00231995 0.00386498 0.0158035
8700 0.00582381 0.00229106 0.00393152 0.01559
8710 0.00569434 0.00225931 0.00397773 0.0153453
8720 0.00558443 0.00223047 0.00401106 0.0150665
8730 0.00547644 0.00219844 0.0040273 0.0147596
8740 0.00536662 0.00216654 0.00403197 0.0144307
8750 0.0052546 0.00213565 0.00402495 0.0140739
8760 0.00513988 0.00210251 0.00400448 0.0136787
8770 0.00502129 0.00207138 0.003974 0.0132432
8780 0.00490843 0.00203966 0.00393892 0.0127791
8790 0.00479794 0.0020059 0.00389288 0.0123127
8800 0.00468211 0.0019753 0.00384188 0.0123968
8810 0.00456004 0.00194335 0.00378817 0.0124037
8820 0.00451728 0.00190999 0.0037276 0.0123361
8830 0.00453518 0.00187984 0.00366425 0.0122392
8840 0.0045502 0.00184818 0.00359777 0.0121668
8850 0.00457192 0.00181568 0.00352621 0.0120802
8860 0.00457152 0.00178596 0.00345183 0.0120765
8870 0.00455011 0.00175505 0.00337752 0.0120549
8880 0.00455553 0.00172365 0.00330241 0.0120159
8890 0.00455189 0.00169478 0.00322843 0.0119825
8900 0.00453199 0.00166488 0.0031479 0.0119331
8910 0.00451892 0.00168459 0.00306335 0.0118478
8920 0.0045231 0.00172912 0.00297915 0.0117383
8930 0.00451265 0.00176688 0.00290602 0.0116441
8940 0.0044881 0.00180775 0.00282895 0.0115614
8950 0.00449655 0.00183749 0.00274859 0.0114533
8960 0.00450783 0.00186805 0.00266473 0.0113048
8970 0.00450455 0.00189031 0.00258236 0.0111603
8980 0.00449263 0.0019023 0.00250682 0.0110303
8990 0.00453326 0.00190868 0.00242702 0.0108954
9000 0.00455935 0.00190886 0.00234805 0.0107339
9010 0.00457038 0.00191107 0.00226603 0.0107208
9020 0.00459967 0.00190277 0.00218789 0.0107049
9030 0.00465755 0.00188409 0.00211039 0.0108118
9040 0.00470001 0.00186033 0.00203186 0.0109272
9050 0.00472632 0.00183581 0.00195346 0.0110065
9060 0.00479969 0.00180207 0.00187569 0.0110792
9070 0.0048728 0.00176534 0.00180029 0.0112867
9080 0.00492935 0.00172592 0.00183909 0.0114566
9090 0.00497233 0.00168798 0.0019936 0.011587
9100 0.00507261 0.00164587 0.00213704 0.0117485
9110 0.0051555 0.00159705 0.00226813 0.0119943
9120 0.0052204 0.00155125 0.00239243 0.0121972
9130 0.00526816 0.00150484 0.00250741 0.0123605
9140 0.00537132 0.00147145 0.00260393 0.0125261
9150 0.00545708 0.00143607 0.00268617 0.0127862
9160 0.00552469 0.00139652 0.00276478 0.013002
9170 0.00557488 0.00135599 0.0028333 0.0131762
9180 0.00563572 0.00132348 0.00289003 0.0133073
9190 0.0057185 0.00133199 0.00293478 0.0134948
9200 0.00578365 0.00143672 0.00296838 0.0137055
9210 0.0058313 0.00153588 0.00299043 0.0138727
9220 0.00586174 0.00161452 0.00300447 0.0139969
9230 0.0058872 0.0016561 0.00301174 0.0140782
9240 0.00594492 0.00174652 0.00301084 0.0141667
9250 0.00598654 0.00177162 0.00300035 0.0143148
9260 0.00601224 0.0018413 0.00297995 0.0144227
9270 0.00602238 0.00184261 0.00295041 0.014491
9280 0.00601728 0.00185857 0.00291341 0.0145207
9290 0.00601498 0.00188057 0.00287381 0.0145123
9300 0.00603432 0.00187377 0.00282747 0.0145267
9310 0.00603989 0.00189166 0.00277446 0.0145775
9320 0.0060321 0.00184169 0.00271678 0.014594
9330 0.0060114 0.00184024 0.00265445 0.0145775
9340 0.00597825 0.0018102 0.00258657 0.0145291
9350 0.00593318 0.00178092 0.0025132 0.0144498
9360 0.00591943 0.00176287 0.00243588 0.0143531
9370 0.0058974 0.00170899 0.00236306 0.0143269
9380 0.00586458 0.00169384 0.00228848 0.0142727
9390 0.00582148 0.0016465 0.00221043 0.0141915
9400 0.00576946 0.00162297 0.00212912 0.0140879
9410 0.00570866 0.00157998 0.00204515 0.0139618
9420 0.00564619 0.00154021 0.00196211 0.0138103
9430 0.00560446 0.00161397 0.00187589 0.0136786
9440 0.00555532 0.00160986 0.00178663 0.0135758
9450 0.00549906 0.00161819 0.00169889 0.0134547
9460 0.00543565 0.0016915 0.00161622 0.0133147
9470 0.00536523 0.00176974 0.00153045 0.0131559
9480 0.00528869 0.00176366 0.00144582 0.0129807
9490 0.00521503 0.00168053 0.0014322 0.0127928
9500 0.00515682 0.00161607 0.00145153 0.0126372
9510 0.00509343 0.00161488 0.00146704 0.012491
9520 0.00502525 0.00160887 0.00147966 0.0123319
9530 0.00495287 0.00151079 0.001494 0.0121617
9540 0.00487687 0.00143493 0.00150563 0.0119819
9550 0.00479775 0.00142808 0.00151272 0.0117936
9560 0.00471855 0.00142016 0.00151511 0.011598
9570 0.00465434 0.00141116 0.00151349 0.011427
9580 0.00458753 0.00140162 0.00152339 0.0112661
9590 0.00451889 0.00139071 0.00161665 0.0111006
9600 0.00444877 0.00137958 0.00170772 0.0109314
9610 0.00437695 0.00136749 0.00178034 0.0107572
9620 0.00430322 0.00135481 0.00184416 0.0105773
9630 0.0042279 0.00134159 0.0019069 0.0103925
9640 0.00415954 0.00132726 0.0019623 0.0102138
9650 0.00409554 0.00131332 0.0020043 0.0100552
9660 0.00403034 0.0012975 0.00203718 0.00989302
9670 0.00396378 0.00128309 0.00206614 0.00972659
9680 0.00389571 0.00126691 0.00208965 0.00955533
9690 0.00382609 0.00125143 0.00210396 0.00937904
9700 0.00375499 0.00123546 0.00210927 0.00919779
9710 0.00368238 0.00121877 0.00210932 0.00901145
9720 0.00361285 0.00120307 0.00210473 0.008832
9730 0.00354498 0.00118616 0.00209507 0.00865409
9740 0.00347469 0.00117 0.0020812 0.00846844
9750 0.0034019 0.00115378 0.00206259 0.00827472
9760 0.00332654 0.00113674 0.00203916 0.00807271
9770 0.00324859 0.00112132 0.00201224 0.00786229
9780 0.00316806 0.00110517 0.00198046 0.00764341
9790 0.00308498 0.00108888 0.00194452 0.00742271
9800 0.00300226 0.00107361 0.00190582 0.00720145
9810 0.00291937 0.00105777 0.00186609 0.00707453
9820 0.00283383 0.00104232 0.00182663 0.00711604
9830 0.00274592 0.00102759 0.00178602 0.00714747
9840 0.00265591 0.00101251 0.00174311 0.00718393
9850 0.00256417 0.00100363 0.00169725 0.00720218
9860 0.00247112 0.001002 0.00164965 0.00719266
9870 0.00237722 0.000999952 0.00160397 0.00717768
9880 0.00228298 0.000997475 0.00155768 0.00716847
9890 0.00226644 0.000994514 0.00151005 0.00714762
9900 0.00225276 0.000990537 0.00146089 0.00710685
9910 0.0022377 0.000985549 0.00141233 0.00706325
9920 0.00222162 0.000979584 0.0013631 0.00701769
9930 0.00220154 0.000972683 0.001315 0.00695935
9940 0.00217842 0.000974096 0.00126556 0.00688708
9950 0.00215525 0.000990509 0.00121699 0.00681637
9960 0.00213035 0.00100364 0.00116694 0.00674299
9970 0.0021029 0.0010143 0.0011346 0.00666112
9980 0.00207214 0.0010204 0.00115963 0.00656889
9990 0.00203862 0.00102779 0.00118413 0.00646917
